1.00000 0.99334 0.99208 0.97459 0.99208 1.00000 0.99713 0.97454 0.97827 0.95318 0.98952 0.93074 0.98773 0.80109 0.99533 0.98773 0.99334 0.97827 0.97459 0.99346 0.99713 0.77540 0.97454 0.77540 0.88721 0.93074 0.98952 0.92226 0.92226 0.99533 0.99346 0.88721 0.80109 0.92953 0.85879 0.85879 0.95318 0.98756 0.97367 0.98999 0.98828 0.97718 0.99286 0.98828 0.97367 0.97718 0.95921 0.88175 0.98756 0.95921 0.98360 0.97704 0.99272 0.97704 0.98360 0.88452 0.98441 0.88452 0.98999 0.92143 0.88230 0.84877 0.92143 0.93008 0.84877 0.98441 0.84877 0.93008 0.73556 0.70786 0.70786 0.78450 0.79289 0.63190 0.78450 0.84980 0.89191 0.89191 0.70052 0.73556 0.70457 0.79289 0.63190 0.70052 0.82826 0.70457 0.84980 0.82826 0.63617 0.63617 0.98786 0.98517 0.95710 0.99191 0.97898 0.98517 0.98475 0.97898 0.99191 0.96276 0.95710 0.98786 0.98347 0.96276 0.98347 0.98475 0.97813 0.98006 0.93747 0.96756 0.98743 0.92996 0.92451 0.96740 0.97109 0.88098 0.88098 0.97666 0.99075 0.89380 0.97869 0.98743 0.92451 0.96767 0.85051 0.96740 0.93747 0.97427 0.96367 0.99075 0.98635 0.96481 0.99015 0.96756 0.97818 0.98006 0.97358 0.97324 0.98040 0.96767 0.97869 0.96199 0.97109 0.89624 0.95272 0.97813 0.97818 0.73684 0.96198 0.98808 0.94069 0.89624 0.96198 0.96199 0.94069 0.98176 0.95272 0.97427 0.88724 0.96481 0.98808 0.95187 0.92996 0.97666 0.73684 0.98040 0.71841 0.71841 0.97358 0.96717 0.95187 0.98176 0.98023 0.97407 0.98023 0.93654 0.97407 0.99479 0.97265 0.98023 0.97208 0.97208 0.99633 0.95496 0.84794 0.95496 0.97265 0.99633 0.99479 0.84794 0.95951 0.99479 0.95951 0.88977 0.88977 0.84599 0.94867 0.93654 0.84599 0.94867 0.85051 0.88724
0.99334 1.00000 0.98717 0.96553 0.98717 0.99334 0.99603 0.96384 0.97164 0.94051 0.97688 0.91778 0.98161 0.76552 0.98928 0.98161 1.00000 0.97164 0.96553 0.98522 0.99603 0.75176 0.96384 0.75176 0.86892 0.91778 0.97688 0.89253 0.89253 0.98928 0.98522 0.86892 0.76552 0.90707 0.82780 0.82780 0.94051 0.98487 0.97968 0.98230 0.97310 0.97507 0.99122 0.97310 0.97968 0.97507 0.95491 0.86310 0.98487 0.95491 0.97276 0.97159 0.99124 0.97159 0.97276 0.88078 0.97886 0.88078 0.98230 0.90650 0.86395 0.82095 0.90650 0.91742 0.82095 0.97886 0.82095 0.91742 0.68766 0.70197 0.70197 0.79995 0.77495 0.62049 0.79995 0.81217 0.91238 0.91238 0.71942 0.68766 0.69575 0.77495 0.62049 0.71942 0.79308 0.69575 0.81217 0.79308 0.59343 0.59343 0.98426 0.97871 0.93009 0.98441 0.95929 0.97871 0.97563 0.95929 0.98441 0.94782 0.93009 0.98426 0.97318 0.94782 0.97318 0.97563 0.98249 0.97875 0.95253 0.97677 0.98603 0.94268 0.94972 0.97153 0.97985 0.90279 0.90279 0.96648 0.98519 0.92195 0.97712 0.98603 0.94972 0.96098 0.88487 0.97153 0.95253 0.95589 0.96033 0.98519 0.98121 0.97016 0.98868 0.97677 0.96721 0.97875 0.97860 0.97036 0.97847 0.96098 0.97712 0.95854 0.97985 0.90440 0.96468 0.98249 0.96721 0.75306 0.96121 0.97803 0.93368 0.90440 0.96121 0.95854 0.93368 0.98549 0.96468 0.95589 0.91223 0.97016 0.97803 0.96418 0.94268 0.96648 0.75306 0.97847 0.76308 0.76308 0.97860 0.97172 0.96418 0.98549 0.97485 0.96478 0.97485 0.91816 0.96478 0.98950 0.96772 0.97485 0.96461 0.96461 0.98904 0.93315 0.82453 0.93315 0.96772 0.98904 0.98950 0.82453 0.93860 0.98950 0.93860 0.85398 0.85398 0.82156 0.92898 0.91816 0.82156 0.92898 0.88487 0.91223
0.99208 0.98717 1.00000 0.98104 1.00000 0.99208 0.99604 0.97088 0.97515 0.93239 0.98103 0.91834 0.98730 0.75690 0.98890 0.98730 0.98717 0.97515 0.98104 0.98132 0.99604 0.76030 0.97088 0.76030 0.87250 0.91834 0.98103 0.89947 0.89947 0.98890 0.98132 0.87250 0.75690 0.92557 0.83680 0.83680 0.93239 0.99027 0.96430 0.98505 0.98447 0.95473 0.99438 0.98447 0.96430 0.95473 0.95960 0.86512 0.99027 0.95960 0.98131 0.97768 0.99425 0.97768 0.98131 0.86721 0.98489 0.86721 0.98505 0.90939 0.86572 0.82838 0.90939 0.90684 0.82838 0.98489 0.82838 0.90684 0.72347 0.69408 0.69408 0.76209 0.78838 0.62732 0.76209 0.80924 0.88896 0.88896 0.69020 0.72347 0.69553 0.78838 0.62732 0.69020 0.85610 0.69553 0.80924 0.85610 0.63055 0.63055 0.97419 0.97559 0.92864 0.97510 0.96301 0.97559 0.96781 0.96301 0.97510 0.92698 0.92864 0.97419 0.95805 0.92698 0.95805 0.96781 0.96922 0.98661 0.94226 0.97259 0.98398 0.93389 0.92692 0.97034 0.97635 0.87382 0.87382 0.96634 0.98175 0.89889 0.96725 0.98398 0.92692 0.96626 0.85484 0.97034 0.94226 0.97394 0.98531 0.98175 0.99492 0.96573 0.98123 0.97259 0.96825 0.98661 0.97420 0.98217 0.98677 0.96626 0.96725 0.98441 0.97635 0.87984 0.96588 0.96922 0.96825 0.74383 0.94607 0.97168 0.96592 0.87984 0.94607 0.98441 0.96592 0.97198 0.96588 0.97394 0.89216 0.96573 0.97168 0.96574 0.93389 0.96634 0.74383 0.98677 0.70073 0.70073 0.97420 0.97001 0.96574 0.97198 0.98282 0.97580 0.98282 0.92281 0.97580 0.99391 0.95121 0.98282 0.95332 0.95332 0.98064 0.93756 0.84932 0.93756 0.95121 0.98064 0.99391 0.84932 0.94293 0.99391 0.94293 0.87941 0.87941 0.83253 0.93379 0.92281 0.83253 0.93379 0.85484 0.89216
0.97459 0.96553 0.98104 1.00000 0.98104 0.97459 0.97377 0.99625 0.99524 0.97162 0.98440 0.94748 0.99663 0.76314 0.98670 0.99663 0.96553 0.99524 1.00000 0.98283 0.97377 0.85989 0.99625 0.85989 0.94596 0.94748 0.98440 0.94664 0.94664 0.98670 0.98283 0.94596 0.76314 0.97730 0.91392 0.91392 0.97162 0.99284 0.97885 0.98934 0.99077 0.96638 0.98949 0.99077 0.97885 0.96638 0.99384 0.93946 0.99284 0.99384 0.99447 0.99737 0.98938 0.99737 0.99447 0.93151 0.99230 0.93151 0.98934 0.96769 0.93995 0.90866 0.96769 0.95423 0.90866 0.99230 0.90866 0.95423 0.82482 0.76414 0.76414 0.79565 0.86579 0.71945 0.79565 0.82398 0.92699 0.92699 0.76224 0.82482 0.77253 0.86579 0.71945 0.76224 0.92073 0.77253 0.82398 0.92073 0.70543 0.70543 0.97392 0.98547 0.94348 0.97225 0.97941 0.98547 0.98082 0.97941 0.97225 0.94161 0.94348 0.97392 0.94670 0.94161 0.94670 0.98082 0.98217 0.99104 0.97215 0.98044 0.98800 0.96855 0.94535 0.98761 0.98533 0.91297 0.91297 0.98255 0.98756 0.93365 0.98485 0.98800 0.94535 0.97558 0.89579 0.98761 0.97215 0.99555 0.96299 0.98756 0.99208 0.98196 0.97908 0.98044 0.98935 0.99104 0.98229 0.98109 0.99219 0.97558 0.98485 0.97534 0.98533 0.91683 0.98124 0.98217 0.98935 0.80756 0.97304 0.97428 0.97521 0.91683 0.97304 0.97534 0.97521 0.97751 0.98124 0.99555 0.93312 0.98196 0.97428 0.98070 0.96855 0.98255 0.80756 0.99219 0.75958 0.75958 0.98229 0.98748 0.98070 0.97751 0.99283 0.99262 0.99283 0.93532 0.99262 0.99084 0.97288 0.99283 0.97813 0.97813 0.97290 0.96603 0.93116 0.96603 0.97288 0.97290 0.99084 0.93116 0.96936 0.99084 0.96936 0.93491 0.93491 0.91907 0.97488 0.93532 0.91907 0.97488 0.89579 0.93312
0.99208 0.98717 1.00000 0.98104 1.00000 0.99208 0.99604 0.97088 0.97515 0.93239 0.98103 0.91834 0.98730 0.75690 0.98890 0.98730 0.98717 0.97515 0.98104 0.98132 0.99604 0.76030 0.97088 0.76030 0.87250 0.91834 0.98103 0.89947 0.89947 0.98890 0.98132 0.87250 0.75690 0.92557 0.83680 0.83680 0.93239 0.99027 0.96430 0.98505 0.98447 0.95473 0.99438 0.98447 0.96430 0.95473 0.95960 0.86512 0.99027 0.95960 0.98131 0.97768 0.99425 0.97768 0.98131 0.86721 0.98489 0.86721 0.98505 0.90939 0.86572 0.82838 0.90939 0.90684 0.82838 0.98489 0.82838 0.90684 0.72347 0.69408 0.69408 0.76209 0.78838 0.62732 0.76209 0.80924 0.88896 0.88896 0.69020 0.72347 0.69553 0.78838 0.62732 0.69020 0.85610 0.69553 0.80924 0.85610 0.63055 0.63055 0.97419 0.97559 0.92864 0.97510 0.96301 0.97559 0.96781 0.96301 0.97510 0.92698 0.92864 0.97419 0.95805 0.92698 0.95805 0.96781 0.96922 0.98661 0.94226 0.97259 0.98398 0.93389 0.92692 0.97034 0.97635 0.87382 0.87382 0.96634 0.98175 0.89889 0.96725 0.98398 0.92692 0.96626 0.85484 0.97034 0.94226 0.97394 0.98531 0.98175 0.99492 0.96573 0.98123 0.97259 0.96825 0.98661 0.97420 0.98217 0.98677 0.96626 0.96725 0.98441 0.97635 0.87984 0.96588 0.96922 0.96825 0.74383 0.94607 0.97168 0.96592 0.87984 0.94607 0.98441 0.96592 0.97198 0.96588 0.97394 0.89216 0.96573 0.97168 0.96574 0.93389 0.96634 0.74383 0.98677 0.70073 0.70073 0.97420 0.97001 0.96574 0.97198 0.98282 0.97580 0.98282 0.92281 0.97580 0.99391 0.95121 0.98282 0.95332 0.95332 0.98064 0.93756 0.84932 0.93756 0.95121 0.98064 0.99391 0.84932 0.94293 0.99391 0.94293 0.87941 0.87941 0.83253 0.93379 0.92281 0.83253 0.93379 0.85484 0.89216
1.00000 0.99334 0.99208 0.97459 0.99208 1.00000 0.99713 0.97454 0.97827 0.95318 0.98952 0.93074 0.98773 0.80109 0.99533 0.98773 0.99334 0.97827 0.97459 0.99346 0.99713 0.77540 0.97454 0.77540 0.88721 0.93074 0.98952 0.92226 0.92226 0.99533 0.99346 0.88721 0.80109 0.92953 0.85879 0.85879 0.95318 0.98756 0.97367 0.98999 0.98828 0.97718 0.99286 0.98828 0.97367 0.97718 0.95921 0.88175 0.98756 0.95921 0.98360 0.97704 0.99272 0.97704 0.98360 0.88452 0.98441 0.88452 0.98999 0.92143 0.88230 0.84877 0.92143 0.93008 0.84877 0.98441 0.84877 0.93008 0.73556 0.70786 0.70786 0.78450 0.79289 0.63190 0.78450 0.84980 0.89191 0.89191 0.70052 0.73556 0.70457 0.79289 0.63190 0.70052 0.82826 0.70457 0.84980 0.82826 0.63617 0.63617 0.98786 0.98517 0.95710 0.99191 0.97898 0.98517 0.98475 0.97898 0.99191 0.96276 0.95710 0.98786 0.98347 0.96276 0.98347 0.98475 0.97813 0.98006 0.93747 0.96756 0.98743 0.92996 0.92451 0.96740 0.97109 0.88098 0.88098 0.97666 0.99075 0.89380 0.97869 0.98743 0.92451 0.96767 0.85051 0.96740 0.93747 0.97427 0.96367 0.99075 0.98635 0.96481 0.99015 0.96756 0.97818 0.98006 0.97358 0.97324 0.98040 0.96767 0.97869 0.96199 0.97109 0.89624 0.95272 0.97813 0.97818 0.73684 0.96198 0.98808 0.94069 0.89624 0.96198 0.96199 0.94069 0.98176 0.95272 0.97427 0.88724 0.96481 0.98808 0.95187 0.92996 0.97666 0.73684 0.98040 0.71841 0.71841 0.97358 0.96717 0.95187 0.98176 0.98023 0.97407 0.98023 0.93654 0.97407 0.99479 0.97265 0.98023 0.97208 0.97208 0.99633 0.95496 0.84794 0.95496 0.97265 0.99633 0.99479 0.84794 0.95951 0.99479 0.95951 0.88977 0.88977 0.84599 0.94867 0.93654 0.84599 0.94867 0.85051 0.88724
0.99713 0.99603 0.99604 0.97377 0.99604 0.99713 1.00000 0.96909 0.97556 0.93875 0.98177 0.92205 0.98641 0.76092 0.99198 0.98641 0.99603 0.97556 0.97377 0.98681 1.00000 0.75981 0.96909 0.75981 0.87009 0.92205 0.98177 0.89768 0.89768 0.99198 0.98681 0.87009 0.76092 0.91886 0.83589 0.83589 0.93875 0.98830 0.97058 0.98497 0.98184 0.96862 0.99554 0.98184 0.97058 0.96862 0.95709 0.86234 0.98830 0.95709 0.97892 0.97402 0.99549 0.97402 0.97892 0.87827 0.98183 0.87827 0.98497 0.91020 0.86309 0.82979 0.91020 0.91758 0.82979 0.98183 0.82979 0.91758 0.71066 0.69687 0.69687 0.77018 0.78939 0.62913 0.77018 0.81180 0.89438 0.89438 0.69451 0.71066 0.69926 0.78939 0.62913 0.69451 0.82172 0.69926 0.81180 0.82172 0.62429 0.62429 0.98533 0.98225 0.93639 0.98606 0.96538 0.98225 0.97630 0.96538 0.98606 0.94339 0.93639 0.98533 0.96931 0.94339 0.96931 0.97630 0.97487 0.98064 0.94319 0.97366 0.98494 0.93152 0.93084 0.96708 0.97510 0.87883 0.87883 0.96556 0.98566 0.90262 0.97281 0.98494 0.93084 0.95945 0.85870 0.96708 0.94319 0.96738 0.97008 0.98566 0.98869 0.96797 0.98481 0.97366 0.96854 0.98064 0.97319 0.97266 0.98066 0.95945 0.97281 0.96788 0.97510 0.88443 0.96223 0.97487 0.96854 0.73089 0.95179 0.97725 0.94402 0.88443 0.95179 0.96788 0.94402 0.97769 0.96223 0.96738 0.89327 0.96797 0.97725 0.96182 0.93152 0.96556 0.73089 0.98066 0.72046 0.72046 0.97319 0.96704 0.96182 0.97769 0.97978 0.96820 0.97978 0.91665 0.96820 0.99322 0.96303 0.97978 0.96251 0.96251 0.98861 0.93926 0.83907 0.93926 0.96303 0.98861 0.99322 0.83907 0.94136 0.99322 0.94136 0.87434 0.87434 0.82672 0.93539 0.91665 0.82672 0.93539 0.85870 0.89327
0.97454 0.96384 0.97088 0.99625 0.97088 0.97454 0.96909 1.00000 0.99844 0.98748 0.98643 0.95729 0.99589 0.78792 0.98797 0.99589 0.96384 0.99844 0.99625 0.98864 0.96909 0.88533 1.00000 0.88533 0.96338 0.95729 0.98643 0.96423 0.96423 0.98797 0.98864 0.96338 0.78792 0.98580 0.93818 0.93818 0.98748 0.98824 0.98344 0.98934 0.99074 0.97912 0.98588 0.99074 0.98344 0.97912 0.99627 0.95743 0.98824 0.99627 0.99445 0.99704 0.98579 0.99704 0.99445 0.95133 0.98920 0.95133 0.98934 0.98205 0.95792 0.93324 0.98205 0.97516 0.93324 0.98920 0.93324 0.97516 0.84416 0.77512 0.77512 0.80482 0.87874 0.73211 0.80482 0.84780 0.92927 0.92927 0.77072 0.84416 0.78425 0.87874 0.73211 0.77072 0.90892 0.78425 0.84780 0.90892 0.71650 0.71650 0.98157 0.99140 0.95988 0.98095 0.98955 0.99140 0.99119 0.98955 0.98095 0.96333 0.95988 0.98157 0.95790 0.96333 0.95790 0.99119 0.98676 0.98371 0.97124 0.97699 0.98842 0.96805 0.94273 0.98503 0.98001 0.91738 0.91738 0.98725 0.99198 0.93261 0.99234 0.98842 0.94273 0.97301 0.89479 0.98503 0.97124 0.99659 0.94285 0.99198 0.98418 0.98198 0.98060 0.97699 0.99579 0.98371 0.97879 0.97197 0.98523 0.97301 0.99234 0.95626 0.98001 0.92573 0.97355 0.98676 0.99579 0.80331 0.98354 0.98238 0.95694 0.92573 0.98354 0.95626 0.95694 0.98058 0.97355 0.99659 0.93218 0.98198 0.98238 0.97248 0.96805 0.98725 0.80331 0.98523 0.77360 0.77360 0.97879 0.98503 0.97248 0.98058 0.98906 0.99015 0.98906 0.93918 0.99015 0.98814 0.98716 0.98906 0.99160 0.99160 0.97860 0.97675 0.94176 0.97675 0.98716 0.97860 0.98814 0.94176 0.97909 0.98814 0.97909 0.94703 0.94703 0.93676 0.98895 0.93918 0.93676 0.98895 0.89479 0.93218
0.97827 0.97164 0.97515 0.99524 0.97515 0.97827 0.97556 0.99844 1.00000 0.98244 0.98387 0.95863 0.99721 0.77725 0.99098 0.99721 0.97164 1.00000 0.99524 0.99109 0.97556 0.87955 0.99844 0.87955 0.95340 0.95863 0.98387 0.95251 0.95251 0.99098 0.99109 0.95340 0.77725 0.97982 0.92806 0.92806 0.98244 0.98917 0.98520 0.98764 0.98773 0.97977 0.99074 0.98773 0.98520 0.97977 0.99518 0.94546 0.98917 0.99518 0.99176 0.99626 0.99074 0.99626 0.99176 0.95124 0.98742 0.95124 0.98764 0.97681 0.94615 0.92562 0.97681 0.97434 0.92562 0.98742 0.92562 0.97434 0.82213 0.75603 0.75603 0.79097 0.87134 0.71822 0.79097 0.83520 0.92814 0.92814 0.75619 0.82213 0.76979 0.87134 0.71822 0.75619 0.89187 0.76979 0.83520 0.89187 0.69706 0.69706 0.98830 0.99500 0.95341 0.98571 0.98680 0.99500 0.99211 0.98680 0.98571 0.96051 0.95341 0.98830 0.95905 0.96051 0.95905 0.99211 0.98918 0.98330 0.97605 0.98540 0.99143 0.96936 0.94763 0.98575 0.98289 0.91460 0.91460 0.98282 0.99442 0.93858 0.99424 0.99143 0.94763 0.96823 0.89839 0.98575 0.97605 0.99318 0.94532 0.99442 0.98727 0.98842 0.98122 0.98540 0.99350 0.98330 0.97853 0.97235 0.98482 0.96823 0.99424 0.95651 0.98289 0.91731 0.98027 0.98918 0.99350 0.78714 0.98191 0.98302 0.95382 0.91731 0.98191 0.95651 0.95382 0.98135 0.98027 0.99318 0.93457 0.98842 0.98302 0.97926 0.96936 0.98282 0.78714 0.98482 0.77414 0.77414 0.97853 0.98592 0.97926 0.98135 0.98761 0.98613 0.98761 0.92666 0.98613 0.98984 0.98750 0.98761 0.99179 0.99179 0.97993 0.96759 0.93419 0.96759 0.98750 0.97993 0.98984 0.93419 0.96961 0.98984 0.96961 0.93478 0.93478 0.92194 0.98536 0.92666 0.92194 0.98536 0.89839 0.93457
0.95318 0.94051 0.93239 0.97162 0.93239 0.95318 0.93875 0.98748 0.98244 1.00000 0.97592 0.95704 0.97536 0.81519 0.96991 0.97536 0.94051 0.98244 0.97162 0.97622 0.93875 0.90349 0.98748 0.90349 0.98025 0.95704 0.97592 0.98161 0.98161 0.96991 0.97622 0.98025 0.81519 0.98032 0.95877 0.95877 1.00000 0.96513 0.97806 0.97543 0.97476 0.98587 0.95789 0.97476 0.97806 0.98587 0.98366 0.97869 0.96513 0.98366 0.97980 0.97963 0.95774 0.97963 0.97980 0.96565 0.97130 0.96565 0.97543 0.98906 0.97898 0.95208 0.98906 0.98760 0.95208 0.97130 0.95208 0.98760 0.87277 0.81575 0.81575 0.84374 0.88972 0.76187 0.84374 0.87292 0.93410 0.93410 0.81036 0.87277 0.81556 0.88972 0.76187 0.81036 0.88169 0.81556 0.87292 0.88169 0.73846 0.73846 0.96864 0.97908 0.97382 0.97136 0.98595 0.97908 0.98887 0.98595 0.97136 0.98339 0.97382 0.96864 0.95799 0.98339 0.95799 0.98887 0.97838 0.95841 0.95439 0.94899 0.96867 0.95503 0.92987 0.96621 0.95737 0.92806 0.92806 0.98319 0.97796 0.92116 0.98580 0.96867 0.92987 0.95899 0.89159 0.96621 0.95439 0.97865 0.89077 0.97796 0.94884 0.96221 0.96888 0.94899 0.98950 0.95841 0.96293 0.93973 0.95995 0.95899 0.98580 0.90896 0.95737 0.94638 0.94068 0.97838 0.98950 0.81923 0.98814 0.97570 0.91256 0.94638 0.98814 0.90896 0.91256 0.97352 0.94068 0.97865 0.92530 0.96221 0.97570 0.93890 0.95503 0.98319 0.81923 0.95995 0.80967 0.80967 0.96293 0.96637 0.93890 0.97352 0.96974 0.97273 0.96974 0.94385 0.97273 0.96480 0.99358 0.96974 0.99460 0.99460 0.97005 0.98615 0.94027 0.98615 0.99358 0.97005 0.96480 0.94027 0.98583 0.96480 0.98583 0.95426 0.95426 0.96030 0.99045 0.94385 0.96030 0.99045 0.89159 0.92530
0.98952 0.97688 0.98103 0.98440 0.98103 0.98952 0.98177 0.98643 0.98387 0.97592 1.00000 0.95489 0.99158 0.80918 0.99366 0.99158 0.97688 0.98387 0.98440 0.98987 0.98177 0.81267 0.98643 0.81267 0.92703 0.95489 1.00000 0.95632 0.95632 0.99366 0.98987 0.92703 0.80918 0.95553 0.89424 0.89424 0.97592 0.99240 0.98145 0.99816 0.99804 0.98474 0.98579 0.99804 0.98145 0.98474 0.97521 0.92574 0.99240 0.97521 0.99636 0.98690 0.98548 0.98690 0.99636 0.90936 0.99506 0.90936 0.99816 0.94983 0.92592 0.88248 0.94983 0.94570 0.88248 0.99506 0.88248 0.94570 0.81086 0.78633 0.78633 0.83611 0.84138 0.70665 0.83611 0.86166 0.92171 0.92171 0.77133 0.81086 0.77605 0.84138 0.70665 0.77133 0.87937 0.77605 0.86166 0.87937 0.71048 0.71048 0.97893 0.98657 0.97833 0.98481 0.98747 0.98657 0.99017 0.98747 0.98481 0.97224 0.97833 0.97893 0.97821 0.97224 0.97821 0.99017 0.98152 0.98726 0.94595 0.96252 0.98399 0.94314 0.93116 0.97437 0.97527 0.91101 0.91101 0.99176 0.98873 0.90518 0.98261 0.98399 0.93116 0.98033 0.87103 0.97437 0.94595 0.98648 0.95300 0.98873 0.98053 0.96926 0.99185 0.96252 0.98976 0.98726 0.98268 0.97175 0.98741 0.98033 0.98261 0.96109 0.97527 0.93257 0.95106 0.98152 0.98976 0.80003 0.97582 0.98687 0.94983 0.93257 0.97582 0.96109 0.94983 0.98704 0.95106 0.98648 0.90768 0.96926 0.98687 0.95024 0.94314 0.99176 0.80003 0.98741 0.75720 0.75720 0.98268 0.97404 0.95024 0.98704 0.99224 0.98768 0.99224 0.96267 0.98768 0.99292 0.98147 0.99224 0.98058 0.98058 0.99324 0.98536 0.88735 0.98536 0.98147 0.99324 0.99292 0.88735 0.98521 0.99292 0.98521 0.93172 0.93172 0.90221 0.96503 0.96267 0.90221 0.96503 0.87103 0.90768
0.93074 0.91778 0.91834 0.94748 0.91834 0.93074 0.92205 0.95729 0.95863 0.95704 0.95489 1.00000 0.95350 0.77389 0.95708 0.95350 0.91778 0.95863 0.94748 0.94981 0.92205 0.87042 0.95729 0.87042 0.93193 1.00000 0.95489 0.94500 0.94500 0.95708 0.94981 0.93193 0.77389 0.95242 0.91177 0.91177 0.95704 0.94460 0.94729 0.94648 0.94918 0.94944 0.93839 0.94918 0.94729 0.94944 0.95293 0.92653 0.94460 0.95293 0.95288 0.95091 0.93828 0.95091 0.95288 0.93007 0.94565 0.93007 0.94648 0.95069 0.92694 0.91024 0.95069 0.94873 0.91024 0.94565 0.91024 0.94873 0.85191 0.77958 0.77958 0.78302 0.87239 0.74496 0.78302 0.81170 0.90205 0.90205 0.75934 0.85191 0.79203 0.87239 0.74496 0.75934 0.86173 0.79203 0.81170 0.86173 0.73950 0.73950 0.95267 0.96414 0.96028 0.95218 0.95644 0.96414 0.96307 0.95644 0.95218 0.93934 0.96028 0.95267 0.93069 0.93934 0.93069 0.96307 0.94433 0.93496 0.93008 0.94691 0.94007 0.91769 0.89636 0.93194 0.93114 0.88439 0.88439 0.94891 0.94940 0.89275 0.95353 0.94007 0.89636 0.92220 0.85768 0.93194 0.93008 0.95182 0.87662 0.94940 0.92897 0.96907 0.93813 0.94691 0.95832 0.93496 0.93020 0.91103 0.93623 0.92220 0.95353 0.89236 0.93114 0.89410 0.92292 0.94433 0.95832 0.76312 0.94696 0.94494 0.89085 0.89410 0.94696 0.89236 0.89085 0.93738 0.92292 0.95182 0.89405 0.96907 0.94494 0.92171 0.91769 0.94891 0.76312 0.93623 0.76333 0.76333 0.93020 0.93216 0.92171 0.93738 0.94608 0.93950 0.94608 0.89561 0.93950 0.93995 0.95555 0.94608 0.95751 0.95751 0.93924 0.95535 0.91601 0.95535 0.95555 0.93924 0.93995 0.91601 0.94573 0.93995 0.94573 0.92846 0.92846 0.91828 0.95369 0.89561 0.91828 0.95369 0.85768 0.89405
0.98773 0.98161 0.98730 0.99663 0.98730 0.98773 0.98641 0.99589 0.99721 0.97536 0.99158 0.95350 1.00000 0.77420 0.99589 1.00000 0.98161 0.99721 0.99663 0.99270 0.98641 0.84440 0.99589 0.84440 0.93623 0.95350 0.99158 0.94442 0.94442 0.99589 0.99270 0.93623 0.77420 0.96832 0.90427 0.90427 0.97536 0.99698 0.98687 0.99510 0.99432 0.98077 0.99654 0.99432 0.98687 0.98077 0.99082 0.92977 0.99698 0.99082 0.99664 0.99681 0.99646 0.99681 0.99664 0.93166 0.99516 0.93166 0.99510 0.96272 0.93035 0.89937 0.96272 0.95830 0.89937 0.99516 0.89937 0.95830 0.80335 0.76033 0.76033 0.80368 0.85620 0.70792 0.80368 0.83148 0.92963 0.92963 0.75842 0.80335 0.76653 0.85620 0.70792 0.75842 0.88919 0.76653 0.83148 0.88919 0.69278 0.69278 0.98766 0.99432 0.95514 0.98688 0.98482 0.99432 0.99095 0.98482 0.98688 0.95804 0.95514 0.98766 0.96462 0.95804 0.96462 0.99095 0.98968 0.99204 0.97178 0.98496 0.99364 0.96518 0.94968 0.98748 0.98816 0.91548 0.91548 0.98614 0.99520 0.93402 0.99144 0.99364 0.94968 0.97593 0.89540 0.98748 0.97178 0.99269 0.96160 0.99520 0.99336 0.98658 0.98880 0.98496 0.99213 0.99204 0.98621 0.98019 0.99286 0.97593 0.99144 0.97059 0.98816 0.92076 0.97986 0.98968 0.99213 0.79294 0.97861 0.98455 0.96302 0.92076 0.97861 0.97059 0.96302 0.98700 0.97986 0.99269 0.93101 0.98658 0.98455 0.97918 0.96518 0.98614 0.79294 0.99286 0.76772 0.76772 0.98621 0.98750 0.97918 0.98700 0.99488 0.99033 0.99488 0.93711 0.99033 0.99690 0.98349 0.99488 0.98602 0.98602 0.98683 0.96970 0.91276 0.96970 0.98349 0.98683 0.99690 0.91276 0.97108 0.99690 0.97108 0.92722 0.92722 0.90499 0.97401 0.93711 0.90499 0.97401 0.89540 0.93101
0.80109 0.76552 0.75690 0.76314 0.75690 0.80109 0.76092 0.78792 0.77725 0.81519 0.80918 0.77389 0.77420 1.00000 0.80444 0.77420 0.76552 0.77725 0.76314 0.82800 0.76092 0.67873 0.78792 0.67873 0.78689 0.77389 0.80918 0.88133 0.88133 0.80444 0.82800 0.78689 1.00000 0.77829 0.80464 0.80464 0.81519 0.75755 0.78373 0.79690 0.79792 0.78953 0.75557 0.79792 0.78373 0.78953 0.74980 0.80037 0.75755 0.74980 0.77932 0.78892 0.75485 0.78892 0.77932 0.67055 0.77788 0.67055 0.79690 0.76118 0.79958 0.75326 0.76118 0.77716 0.75326 0.77788 0.75326 0.77716 0.63935 0.46947 0.46947 0.67532 0.50295 0.31460 0.67532 0.98955 0.64701 0.64701 0.49543 0.63935 0.40534 0.50295 0.31460 0.49543 0.66485 0.40534 0.98955 0.66485 0.36785 0.36785 0.77775 0.76794 0.85328 0.80412 0.85531 0.76794 0.80814 0.85531 0.80412 0.85805 0.85328 0.77775 0.88475 0.85805 0.88475 0.80814 0.79654 0.77083 0.70386 0.74166 0.81335 0.74339 0.70177 0.78186 0.74101 0.70207 0.70207 0.84742 0.81866 0.65342 0.81360 0.81335 0.70177 0.84469 0.62298 0.78186 0.70386 0.80083 0.75819 0.81866 0.77514 0.74207 0.82148 0.74166 0.83550 0.77083 0.76939 0.81236 0.77485 0.84469 0.81360 0.74709 0.74101 0.77282 0.70031 0.79654 0.83550 0.61311 0.83232 0.86517 0.75587 0.77282 0.83232 0.74709 0.75587 0.79669 0.70031 0.80083 0.66234 0.74207 0.86517 0.69632 0.74339 0.84742 0.61311 0.77485 0.51098 0.51098 0.76939 0.77952 0.69632 0.79669 0.74437 0.81510 0.74437 0.88832 0.81510 0.79331 0.80125 0.74437 0.80674 0.80674 0.82682 0.80115 0.68133 0.80115 0.80125 0.82682 0.79331 0.68133 0.86520 0.79331 0.86520 0.70984 0.70984 0.73951 0.81654 0.88832 0.73951 0.81654 0.62298 0.66234
0.99533 0.98928 0.98890 0.98670 0.98890 0.99533 0.99198 0.98797 0.99098 0.96991 0.99366 0.95708 0.99589 0.80444 1.00000 0.99589 0.98928 0.99098 0.98670 0.99726 0.99198 0.81803 0.98797 0.81803 0.91849 0.95708 0.99366 0.94218 0.94218 1.00000 0.99726 0.91849 0.80444 0.95296 0.88897 0.88897 0.96991 0.99345 0.98575 0.99450 0.99244 0.98331 0.99539 0.99244 0.98575 0.98331 0.97773 0.91313 0.99345 0.97773 0.99147 0.99001 0.99528 0.99001 0.99147 0.91275 0.99153 0.91275 0.99450 0.94677 0.91369 0.88051 0.94677 0.94999 0.88051 0.99153 0.88051 0.94999 0.77408 0.73439 0.73439 0.80130 0.82323 0.66698 0.80130 0.85210 0.91579 0.91579 0.73392 0.77408 0.73371 0.82323 0.66698 0.73392 0.85700 0.73371 0.85210 0.85700 0.65954 0.65954 0.99181 0.99338 0.96404 0.99363 0.98701 0.99338 0.99261 0.98701 0.99363 0.96695 0.96404 0.99181 0.98150 0.96695 0.98150 0.99261 0.98892 0.98786 0.95954 0.98239 0.99450 0.95306 0.94241 0.98114 0.98216 0.90575 0.90575 0.98683 0.99699 0.92003 0.99068 0.99450 0.94241 0.97631 0.88007 0.98114 0.95954 0.98531 0.96164 0.99699 0.99057 0.98359 0.99358 0.98239 0.99047 0.98786 0.98265 0.97925 0.98857 0.97631 0.99068 0.96538 0.98216 0.91619 0.96878 0.98892 0.99047 0.77073 0.97765 0.99227 0.95195 0.91619 0.97765 0.96538 0.95195 0.98839 0.96878 0.98531 0.91551 0.98359 0.99227 0.96788 0.95306 0.98683 0.77073 0.98857 0.75289 0.75289 0.98265 0.98103 0.96788 0.98839 0.98794 0.98513 0.98794 0.94250 0.98513 0.99745 0.98309 0.98794 0.98399 0.98399 0.99482 0.96602 0.88430 0.96602 0.98309 0.99482 0.99745 0.88430 0.97087 0.99745 0.97087 0.90903 0.90903 0.88190 0.96622 0.94250 0.88190 0.96622 0.88007 0.91551
0.98773 0.98161 0.98730 0.99663 0.98730 0.98773 0.98641 0.99589 0.99721 0.97536 0.99158 0.95350 1.00000 0.77420 0.99589 1.00000 0.98161 0.99721 0.99663 0.99270 0.98641 0.84440 0.99589 0.84440 0.93623 0.95350 0.99158 0.94442 0.94442 0.99589 0.99270 0.93623 0.77420 0.96832 0.90427 0.90427 0.97536 0.99698 0.98687 0.99510 0.99432 0.98077 0.99654 0.99432 0.98687 0.98077 0.99082 0.92977 0.99698 0.99082 0.99664 0.99681 0.99646 0.99681 0.99664 0.93166 0.99516 0.93166 0.99510 0.96272 0.93035 0.89937 0.96272 0.95830 0.89937 0.99516 0.89937 0.95830 0.80335 0.76033 0.76033 0.80368 0.85620 0.70792 0.80368 0.83148 0.92963 0.92963 0.75842 0.80335 0.76653 0.85620 0.70792 0.75842 0.88919 0.76653 0.83148 0.88919 0.69278 0.69278 0.98766 0.99432 0.95514 0.98688 0.98482 0.99432 0.99095 0.98482 0.98688 0.95804 0.95514 0.98766 0.96462 0.95804 0.96462 0.99095 0.98968 0.99204 0.97178 0.98496 0.99364 0.96518 0.94968 0.98748 0.98816 0.91548 0.91548 0.98614 0.99520 0.93402 0.99144 0.99364 0.94968 0.97593 0.89540 0.98748 0.97178 0.99269 0.96160 0.99520 0.99336 0.98658 0.98880 0.98496 0.99213 0.99204 0.98621 0.98019 0.99286 0.97593 0.99144 0.97059 0.98816 0.92076 0.97986 0.98968 0.99213 0.79294 0.97861 0.98455 0.96302 0.92076 0.97861 0.97059 0.96302 0.98700 0.97986 0.99269 0.93101 0.98658 0.98455 0.97918 0.96518 0.98614 0.79294 0.99286 0.76772 0.76772 0.98621 0.98750 0.97918 0.98700 0.99488 0.99033 0.99488 0.93711 0.99033 0.99690 0.98349 0.99488 0.98602 0.98602 0.98683 0.96970 0.91276 0.96970 0.98349 0.98683 0.99690 0.91276 0.97108 0.99690 0.97108 0.92722 0.92722 0.90499 0.97401 0.93711 0.90499 0.97401 0.89540 0.93101
0.99334 1.00000 0.98717 0.96553 0.98717 0.99334 0.99603 0.96384 0.97164 0.94051 0.97688 0.91778 0.98161 0.76552 0.98928 0.98161 1.00000 0.97164 0.96553 0.98522 0.99603 0.75176 0.96384 0.75176 0.86892 0.91778 0.97688 0.89253 0.89253 0.98928 0.98522 0.86892 0.76552 0.90707 0.82780 0.82780 0.94051 0.98487 0.97968 0.98230 0.97310 0.97507 0.99122 0.97310 0.97968 0.97507 0.95491 0.86310 0.98487 0.95491 0.97276 0.97159 0.99124 0.97159 0.97276 0.88078 0.97886 0.88078 0.98230 0.90650 0.86395 0.82095 0.90650 0.91742 0.82095 0.97886 0.82095 0.91742 0.68766 0.70197 0.70197 0.79995 0.77495 0.62049 0.79995 0.81217 0.91238 0.91238 0.71942 0.68766 0.69575 0.77495 0.62049 0.71942 0.79308 0.69575 0.81217 0.79308 0.59343 0.59343 0.98426 0.97871 0.93009 0.98441 0.95929 0.97871 0.97563 0.95929 0.98441 0.94782 0.93009 0.98426 0.97318 0.94782 0.97318 0.97563 0.98249 0.97875 0.95253 0.97677 0.98603 0.94268 0.94972 0.97153 0.97985 0.90279 0.90279 0.96648 0.98519 0.92195 0.97712 0.98603 0.94972 0.96098 0.88487 0.97153 0.95253 0.95589 0.96033 0.98519 0.98121 0.97016 0.98868 0.97677 0.96721 0.97875 0.97860 0.97036 0.97847 0.96098 0.97712 0.95854 0.97985 0.90440 0.96468 0.98249 0.96721 0.75306 0.96121 0.97803 0.93368 0.90440 0.96121 0.95854 0.93368 0.98549 0.96468 0.95589 0.91223 0.97016 0.97803 0.96418 0.94268 0.96648 0.75306 0.97847 0.76308 0.76308 0.97860 0.97172 0.96418 0.98549 0.97485 0.96478 0.97485 0.91816 0.96478 0.98950 0.96772 0.97485 0.96461 0.96461 0.98904 0.93315 0.82453 0.93315 0.96772 0.98904 0.98950 0.82453 0.93860 0.98950 0.93860 0.85398 0.85398 0.82156 0.92898 0.91816 0.82156 0.92898 0.88487 0.91223
0.97827 0.97164 0.97515 0.99524 0.97515 0.97827 0.97556 0.99844 1.00000 0.98244 0.98387 0.95863 0.99721 0.77725 0.99098 0.99721 0.97164 1.00000 0.99524 0.99109 0.97556 0.87955 0.99844 0.87955 0.95340 0.95863 0.98387 0.95251 0.95251 0.99098 0.99109 0.95340 0.77725 0.97982 0.92806 0.92806 0.98244 0.98917 0.98520 0.98764 0.98773 0.97977 0.99074 0.98773 0.98520 0.97977 0.99518 0.94546 0.98917 0.99518 0.99176 0.99626 0.99074 0.99626 0.99176 0.95124 0.98742 0.95124 0.98764 0.97681 0.94615 0.92562 0.97681 0.97434 0.92562 0.98742 0.92562 0.97434 0.82213 0.75603 0.75603 0.79097 0.87134 0.71822 0.79097 0.83520 0.92814 0.92814 0.75619 0.82213 0.76979 0.87134 0.71822 0.75619 0.89187 0.76979 0.83520 0.89187 0.69706 0.69706 0.98830 0.99500 0.95341 0.98571 0.98680 0.99500 0.99211 0.98680 0.98571 0.96051 0.95341 0.98830 0.95905 0.96051 0.95905 0.99211 0.98918 0.98330 0.97605 0.98540 0.99143 0.96936 0.94763 0.98575 0.98289 0.91460 0.91460 0.98282 0.99442 0.93858 0.99424 0.99143 0.94763 0.96823 0.89839 0.98575 0.97605 0.99318 0.94532 0.99442 0.98727 0.98842 0.98122 0.98540 0.99350 0.98330 0.97853 0.97235 0.98482 0.96823 0.99424 0.95651 0.98289 0.91731 0.98027 0.98918 0.99350 0.78714 0.98191 0.98302 0.95382 0.91731 0.98191 0.95651 0.95382 0.98135 0.98027 0.99318 0.93457 0.98842 0.98302 0.97926 0.96936 0.98282 0.78714 0.98482 0.77414 0.77414 0.97853 0.98592 0.97926 0.98135 0.98761 0.98613 0.98761 0.92666 0.98613 0.98984 0.98750 0.98761 0.99179 0.99179 0.97993 0.96759 0.93419 0.96759 0.98750 0.97993 0.98984 0.93419 0.96961 0.98984 0.96961 0.93478 0.93478 0.92194 0.98536 0.92666 0.92194 0.98536 0.89839 0.93457
0.97459 0.96553 0.98104 1.00000 0.98104 0.97459 0.97377 0.99625 0.99524 0.97162 0.98440 0.94748 0.99663 0.76314 0.98670 0.99663 0.96553 0.99524 1.00000 0.98283 0.97377 0.85989 0.99625 0.85989 0.94596 0.94748 0.98440 0.94664 0.94664 0.98670 0.98283 0.94596 0.76314 0.97730 0.91392 0.91392 0.97162 0.99284 0.97885 0.98934 0.99077 0.96638 0.98949 0.99077 0.97885 0.96638 0.99384 0.93946 0.99284 0.99384 0.99447 0.99737 0.98938 0.99737 0.99447 0.93151 0.99230 0.93151 0.98934 0.96769 0.93995 0.90866 0.96769 0.95423 0.90866 0.99230 0.90866 0.95423 0.82482 0.76414 0.76414 0.79565 0.86579 0.71945 0.79565 0.82398 0.92699 0.92699 0.76224 0.82482 0.77253 0.86579 0.71945 0.76224 0.92073 0.77253 0.82398 0.92073 0.70543 0.70543 0.97392 0.98547 0.94348 0.97225 0.97941 0.98547 0.98082 0.97941 0.97225 0.94161 0.94348 0.97392 0.94670 0.94161 0.94670 0.98082 0.98217 0.99104 0.97215 0.98044 0.98800 0.96855 0.94535 0.98761 0.98533 0.91297 0.91297 0.98255 0.98756 0.93365 0.98485 0.98800 0.94535 0.97558 0.89579 0.98761 0.97215 0.99555 0.96299 0.98756 0.99208 0.98196 0.97908 0.98044 0.98935 0.99104 0.98229 0.98109 0.99219 0.97558 0.98485 0.97534 0.98533 0.91683 0.98124 0.98217 0.98935 0.80756 0.97304 0.97428 0.97521 0.91683 0.97304 0.97534 0.97521 0.97751 0.98124 0.99555 0.93312 0.98196 0.97428 0.98070 0.96855 0.98255 0.80756 0.99219 0.75958 0.75958 0.98229 0.98748 0.98070 0.97751 0.99283 0.99262 0.99283 0.93532 0.99262 0.99084 0.97288 0.99283 0.97813 0.97813 0.97290 0.96603 0.93116 0.96603 0.97288 0.97290 0.99084 0.93116 0.96936 0.99084 0.96936 0.93491 0.93491 0.91907 0.97488 0.93532 0.91907 0.97488 0.89579 0.93312
0.99346 0.98522 0.98132 0.98283 0.98132 0.99346 0.98681 0.98864 0.99109 0.97622 0.98987 0.94981 0.99270 0.82800 0.99726 0.99270 0.98522 0.99109 0.98283 1.00000 0.98681 0.83522 0.98864 0.83522 0.92788 0.94981 0.98987 0.95169 0.95169 0.99726 1.00000 0.92788 0.82800 0.95760 0.90641 0.90641 0.97622 0.98611 0.98345 0.99064 0.98933 0.98519 0.99098 0.98933 0.98345 0.98519 0.97629 0.92237 0.98611 0.97629 0.98744 0.98802 0.99089 0.98802 0.98744 0.91936 0.98516 0.91936 0.99064 0.95312 0.92295 0.89685 0.95312 0.96123 0.89685 0.98516 0.89685 0.96123 0.77797 0.71836 0.71836 0.79148 0.81895 0.65322 0.79148 0.87586 0.90458 0.90458 0.71887 0.77797 0.71899 0.81895 0.65322 0.71887 0.84872 0.71899 0.87586 0.84872 0.64725 0.64725 0.99350 0.99262 0.96716 0.99622 0.99295 0.99262 0.99525 0.99295 0.99622 0.97725 0.96716 0.99350 0.98692 0.97725 0.98692 0.99525 0.98887 0.97985 0.95438 0.97646 0.99469 0.95043 0.93488 0.97813 0.97470 0.89853 0.89853 0.98718 0.99903 0.91264 0.99359 0.99469 0.93488 0.97383 0.87030 0.97813 0.95438 0.98566 0.95079 0.99903 0.98616 0.97660 0.99146 0.97646 0.99299 0.97985 0.97590 0.97534 0.98119 0.97383 0.99359 0.95358 0.97470 0.91265 0.96179 0.98887 0.99299 0.75662 0.98148 0.99722 0.94212 0.91265 0.98148 0.95358 0.94212 0.98596 0.96179 0.98566 0.90719 0.97660 0.99722 0.96041 0.95043 0.98718 0.75662 0.98119 0.74454 0.74454 0.97590 0.97799 0.96041 0.98596 0.98009 0.98256 0.98009 0.94319 0.98256 0.99405 0.98802 0.98009 0.98989 0.98989 0.99576 0.96553 0.88933 0.96553 0.98802 0.99576 0.99405 0.88933 0.97426 0.99405 0.97426 0.91048 0.91048 0.88773 0.97544 0.94319 0.88773 0.97544 0.87030 0.90719
0.99713 0.99603 0.99604 0.97377 0.99604 0.99713 1.00000 0.96909 0.97556 0.93875 0.98177 0.92205 0.98641 0.76092 0.99198 0.98641 0.99603 0.97556 0.97377 0.98681 1.00000 0.75981 0.96909 0.75981 0.87009 0.92205 0.98177 0.89768 0.89768 0.99198 0.98681 0.87009 0.76092 0.91886 0.83589 0.83589 0.93875 0.98830 0.97058 0.98497 0.98184 0.96862 0.99554 0.98184 0.97058 0.96862 0.95709 0.86234 0.98830 0.95709 0.97892 0.97402 0.99549 0.97402 0.97892 0.87827 0.98183 0.87827 0.98497 0.91020 0.86309 0.82979 0.91020 0.91758 0.82979 0.98183 0.82979 0.91758 0.71066 0.69687 0.69687 0.77018 0.78939 0.62913 0.77018 0.81180 0.89438 0.89438 0.69451 0.71066 0.69926 0.78939 0.62913 0.69451 0.82172 0.69926 0.81180 0.82172 0.62429 0.62429 0.98533 0.98225 0.93639 0.98606 0.96538 0.98225 0.97630 0.96538 0.98606 0.94339 0.93639 0.98533 0.96931 0.94339 0.96931 0.97630 0.97487 0.98064 0.94319 0.97366 0.98494 0.93152 0.93084 0.96708 0.97510 0.87883 0.87883 0.96556 0.98566 0.90262 0.97281 0.98494 0.93084 0.95945 0.85870 0.96708 0.94319 0.96738 0.97008 0.98566 0.98869 0.96797 0.98481 0.97366 0.96854 0.98064 0.97319 0.97266 0.98066 0.95945 0.97281 0.96788 0.97510 0.88443 0.96223 0.97487 0.96854 0.73089 0.95179 0.97725 0.94402 0.88443 0.95179 0.96788 0.94402 0.97769 0.96223 0.96738 0.89327 0.96797 0.97725 0.96182 0.93152 0.96556 0.73089 0.98066 0.72046 0.72046 0.97319 0.96704 0.96182 0.97769 0.97978 0.96820 0.97978 0.91665 0.96820 0.99322 0.96303 0.97978 0.96251 0.96251 0.98861 0.93926 0.83907 0.93926 0.96303 0.98861 0.99322 0.83907 0.94136 0.99322 0.94136 0.87434 0.87434 0.82672 0.93539 0.91665 0.82672 0.93539 0.85870 0.89327
0.77540 0.75176 0.76030 0.85989 0.76030 0.77540 0.75981 0.88533 0.87955 0.90349 0.81267 0.87042 0.84440 0.67873 0.81803 0.84440 0.75176 0.87955 0.85989 0.83522 0.75981 1.00000 0.88533 1.00000 0.95551 0.87042 0.81267 0.89998 0.89998 0.81803 0.83522 0.95551 0.67873 0.94194 0.97557 0.97557 0.90349 0.80831 0.82926 0.81266 0.82624 0.83539 0.81013 0.82624 0.82926 0.83539 0.89353 0.94243 0.80831 0.89353 0.83967 0.85901 0.81039 0.85901 0.83967 0.95151 0.81272 0.95151 0.81266 0.94999 0.94309 0.98760 0.94999 0.94341 0.98760 0.81272 0.98760 0.94341 0.91563 0.70532 0.70532 0.62595 0.90409 0.76947 0.62595 0.74483 0.79538 0.79538 0.68327 0.91563 0.76380 0.90409 0.76947 0.68327 0.85778 0.76380 0.74483 0.85778 0.74122 0.74122 0.84061 0.85972 0.83450 0.83090 0.86974 0.85972 0.86169 0.86974 0.83090 0.84371 0.83450 0.84061 0.77723 0.84371 0.77723 0.86169 0.83633 0.79700 0.85361 0.83036 0.82736 0.84961 0.78085 0.83160 0.80633 0.77933 0.77933 0.83368 0.84268 0.81482 0.86377 0.82736 0.78085 0.79106 0.77329 0.83160 0.85361 0.87570 0.70856 0.84268 0.80809 0.85187 0.79140 0.83036 0.86876 0.79700 0.79404 0.78203 0.80241 0.79106 0.86377 0.74071 0.80633 0.77938 0.83146 0.83633 0.86876 0.67687 0.86058 0.82783 0.77656 0.77938 0.86058 0.74071 0.77656 0.80289 0.83146 0.87570 0.81545 0.85187 0.82783 0.82872 0.84961 0.83368 0.67687 0.80241 0.69256 0.69256 0.79404 0.83233 0.82872 0.80289 0.82019 0.83380 0.82019 0.75548 0.83380 0.80646 0.87305 0.82019 0.88859 0.88859 0.79523 0.85536 0.97671 0.85536 0.87305 0.79523 0.80646 0.97671 0.84952 0.80646 0.84952 0.91211 0.91211 0.94948 0.93151 0.75548 0.94948 0.93151 0.77329 0.81545
0.97454 0.96384 0.97088 0.99625 0.97088 0.97454 0.96909 1.00000 0.99844 0.98748 0.98643 0.95729 0.99589 0.78792 0.98797 0.99589 0.96384 0.99844 0.99625 0.98864 0.96909 0.88533 1.00000 0.88533 0.96338 0.95729 0.98643 0.96423 0.96423 0.98797 0.98864 0.96338 0.78792 0.98580 0.93818 0.93818 0.98748 0.98824 0.98344 0.98934 0.99074 0.97912 0.98588 0.99074 0.98344 0.97912 0.99627 0.95743 0.98824 0.99627 0.99445 0.99704 0.98579 0.99704 0.99445 0.95133 0.98920 0.95133 0.98934 0.98205 0.95792 0.93324 0.98205 0.97516 0.93324 0.98920 0.93324 0.97516 0.84416 0.77512 0.77512 0.80482 0.87874 0.73211 0.80482 0.84780 0.92927 0.92927 0.77072 0.84416 0.78425 0.87874 0.73211 0.77072 0.90892 0.78425 0.84780 0.90892 0.71650 0.71650 0.98157 0.99140 0.95988 0.98095 0.98955 0.99140 0.99119 0.98955 0.98095 0.96333 0.95988 0.98157 0.95790 0.96333 0.95790 0.99119 0.98676 0.98371 0.97124 0.97699 0.98842 0.96805 0.94273 0.98503 0.98001 0.91738 0.91738 0.98725 0.99198 0.93261 0.99234 0.98842 0.94273 0.97301 0.89479 0.98503 0.97124 0.99659 0.94285 0.99198 0.98418 0.98198 0.98060 0.97699 0.99579 0.98371 0.97879 0.97197 0.98523 0.97301 0.99234 0.95626 0.98001 0.92573 0.97355 0.98676 0.99579 0.80331 0.98354 0.98238 0.95694 0.92573 0.98354 0.95626 0.95694 0.98058 0.97355 0.99659 0.93218 0.98198 0.98238 0.97248 0.96805 0.98725 0.80331 0.98523 0.77360 0.77360 0.97879 0.98503 0.97248 0.98058 0.98906 0.99015 0.98906 0.93918 0.99015 0.98814 0.98716 0.98906 0.99160 0.99160 0.97860 0.97675 0.94176 0.97675 0.98716 0.97860 0.98814 0.94176 0.97909 0.98814 0.97909 0.94703 0.94703 0.93676 0.98895 0.93918 0.93676 0.98895 0.89479 0.93218
0.77540 0.75176 0.76030 0.85989 0.76030 0.77540 0.75981 0.88533 0.87955 0.90349 0.81267 0.87042 0.84440 0.67873 0.81803 0.84440 0.75176 0.87955 0.85989 0.83522 0.75981 1.00000 0.88533 1.00000 0.95551 0.87042 0.81267 0.89998 0.89998 0.81803 0.83522 0.95551 0.67873 0.94194 0.97557 0.97557 0.90349 0.80831 0.82926 0.81266 0.82624 0.83539 0.81013 0.82624 0.82926 0.83539 0.89353 0.94243 0.80831 0.89353 0.83967 0.85901 0.81039 0.85901 0.83967 0.95151 0.81272 0.95151 0.81266 0.94999 0.94309 0.98760 0.94999 0.94341 0.98760 0.81272 0.98760 0.94341 0.91563 0.70532 0.70532 0.62595 0.90409 0.76947 0.62595 0.74483 0.79538 0.79538 0.68327 0.91563 0.76380 0.90409 0.76947 0.68327 0.85778 0.76380 0.74483 0.85778 0.74122 0.74122 0.84061 0.85972 0.83450 0.83090 0.86974 0.85972 0.86169 0.86974 0.83090 0.84371 0.83450 0.84061 0.77723 0.84371 0.77723 0.86169 0.83633 0.79700 0.85361 0.83036 0.82736 0.84961 0.78085 0.83160 0.80633 0.77933 0.77933 0.83368 0.84268 0.81482 0.86377 0.82736 0.78085 0.79106 0.77329 0.83160 0.85361 0.87570 0.70856 0.84268 0.80809 0.85187 0.79140 0.83036 0.86876 0.79700 0.79404 0.78203 0.80241 0.79106 0.86377 0.74071 0.80633 0.77938 0.83146 0.83633 0.86876 0.67687 0.86058 0.82783 0.77656 0.77938 0.86058 0.74071 0.77656 0.80289 0.83146 0.87570 0.81545 0.85187 0.82783 0.82872 0.84961 0.83368 0.67687 0.80241 0.69256 0.69256 0.79404 0.83233 0.82872 0.80289 0.82019 0.83380 0.82019 0.75548 0.83380 0.80646 0.87305 0.82019 0.88859 0.88859 0.79523 0.85536 0.97671 0.85536 0.87305 0.79523 0.80646 0.97671 0.84952 0.80646 0.84952 0.91211 0.91211 0.94948 0.93151 0.75548 0.94948 0.93151 0.77329 0.81545
