1.00000 0.39643 0.80605 0.44453 0.38945 0.36928 0.36773 0.42979 0.48099 0.38324 0.49884 0.45151 0.38712 0.39178 0.43289 0.44996 0.48798 0.41660 0.40962 0.45694 0.44453 0.43910 0.45849 0.46393 0.48720 0.41427 0.40264 0.41893 0.37005 0.56245 0.44919 0.47091 0.52909 0.46625 0.52444 0.42979 0.57021 0.53375 0.46858 0.49108 0.49573 0.57099 0.53607 0.47944 0.54538 0.43057 0.64934 0.49108 0.55547 0.50194 0.47479 0.53530 0.55392 0.51047 0.47556 0.48565 0.57254 0.55780 0.50194 0.58495 0.43600 0.54383 0.54771 0.54383 0.60590 0.68270 0.58417 0.51590 0.60512 0.56943 0.63615 0.67804 0.59503 0.53840 0.67184 0.54151 0.42436 0.34445 0.44375 0.42436 0.49651 0.49651 0.50970 0.49806 0.47634 0.44686 0.48953 0.54228 0.49806 0.50272 0.53995 0.45384 0.46858 0.46005 0.50582 0.46160 0.64158 0.56866 0.57564 0.61753 0.57797 0.57099 0.54926 0.57331 0.57486 0.59503 0.60279 0.58340 0.60978 0.62374 0.48177 0.49496 0.48720 0.48642 0.39953 0.45229 0.49573 0.46703 0.44841 0.42669 0.42746 0.47944 0.47401 0.47789 0.47013 0.46315 0.49263 0.55237 0.60590 0.41350 0.47401 0.53918 0.46470 0.53297 0.56090 0.48410 0.60822 0.54306 0.59969 0.65167 0.41583 0.36307 0.35609 0.44453 0.51901 0.47091 0.44841 0.43367 0.45694 0.43600 0.49651 0.49341 0.53452 0.49185 0.50737 0.52211 0.52289 0.45694 0.53375 0.58650 0.54228 0.64469 0.58262 0.56168 0.64546 0.49806 0.45694 0.38557 0.46315 0.50272 0.60667 0.44763 0.49108 0.74942 0.39566 0.51978 0.44065 0.42048 0.40497 0.46393 0.48332 0.46470 0.49806 0.61443 0.62064 0.63538 0.58805 0.49573 0.56012 0.59969 0.61521 0.58573 0.59116 0.57952 0.62917 0.59581 0.62064 0.62762 0.61598 0.61521 0.56788 0.61055
0.39643 1.00000 0.49651 0.89216 0.92940 0.91932 0.92475 0.89604 0.84717 0.92009 0.84562 0.89604 0.93638 0.92087 0.90303 0.89604 0.85027 0.91544 0.91699 0.88984 0.90690 0.89760 0.88130 0.88285 0.86036 0.91544 0.92785 0.91699 0.91854 0.77114 0.88984 0.84717 0.79131 0.87044 0.77502 0.89061 0.73856 0.73390 0.85958 0.78976 0.81303 0.41350 0.79829 0.86191 0.77502 0.85493 0.60900 0.84950 0.69201 0.80295 0.86734 0.78510 0.73002 0.81303 0.85493 0.81769 0.71373 0.75640 0.77812 0.70908 0.84639 0.74321 0.76416 0.74942 0.69279 0.35376 0.69123 0.79364 0.53840 0.66874 0.26687 0.34290 0.62374 0.34523 0.37238 0.37936 0.10163 0.02327 0.86811 0.90303 0.81303 0.81303 0.81769 0.82079 0.81846 0.85337 0.86036 0.77812 0.84019 0.82855 0.78898 0.85027 0.83398 0.84794 0.80140 0.80915 0.57642 0.70132 0.71839 0.59426 0.46082 0.70675 0.73701 0.68425 0.49496 0.49185 0.48410 0.36230 0.54538 0.40497 0.81536 0.82700 0.85415 0.79674 0.90690 0.87199 0.83476 0.82855 0.88130 0.90070 0.90225 0.86811 0.82234 0.79907 0.83476 0.83088 0.78666 0.74709 0.59271 0.88829 0.81614 0.74011 0.84329 0.68580 0.71606 0.80993 0.59193 0.71528 0.52909 0.39566 0.08689 0.02172 0.00931 0.85260 0.81226 0.82933 0.85725 0.83398 0.85182 0.87122 0.17921 0.82079 0.79131 0.78510 0.79209 0.76804 0.77580 0.85958 0.75562 0.60667 0.74864 0.54926 0.63848 0.19472 0.41893 0.23119 0.12956 0.05741 0.15050 0.18619 0.30101 0.09853 0.79984 0.29403 0.87975 0.76881 0.83088 0.88984 0.88130 0.81148 0.78588 0.80062 0.81071 0.59736 0.59426 0.54926 0.56788 0.11870 0.76106 0.71839 0.67261 0.71994 0.71063 0.71916 0.61055 0.59193 0.62839 0.56090 0.62839 0.52909 0.47013 0.51590
0.80605 0.49651 1.00000 0.54383 0.49108 0.47168 0.46780 0.53452 0.58495 0.48410 0.59736 0.55392 0.48720 0.49341 0.53530 0.55159 0.59193 0.51746 0.51202 0.55702 0.54538 0.54073 0.55625 0.56788 0.59116 0.51590 0.50116 0.51978 0.47246 0.66020 0.54771 0.57331 0.62839 0.57176 0.62684 0.52521 0.66874 0.63227 0.57331 0.59116 0.59503 0.62296 0.63382 0.57952 0.64701 0.53607 0.69822 0.59038 0.65710 0.60279 0.57486 0.63382 0.65787 0.60822 0.57952 0.59038 0.66796 0.65322 0.60590 0.68813 0.53918 0.64003 0.64469 0.63926 0.69822 0.69977 0.67960 0.61676 0.67649 0.65400 0.63615 0.70597 0.67649 0.58107 0.65632 0.58029 0.42126 0.34600 0.54538 0.52599 0.60047 0.60047 0.61288 0.60047 0.57874 0.55159 0.58728 0.63615 0.59969 0.60434 0.64003 0.55237 0.56478 0.56323 0.60667 0.56168 0.72149 0.66874 0.67106 0.70597 0.64236 0.67184 0.64779 0.66718 0.64934 0.66641 0.66951 0.62374 0.68348 0.67029 0.58340 0.59348 0.58262 0.59116 0.49884 0.55314 0.59503 0.57099 0.55159 0.52676 0.52599 0.58029 0.57564 0.58185 0.56788 0.56633 0.59581 0.65322 0.69279 0.51513 0.57486 0.64003 0.56633 0.63460 0.65943 0.58340 0.69123 0.64469 0.67494 0.66020 0.41738 0.35687 0.34756 0.54538 0.62141 0.57331 0.55081 0.53763 0.56245 0.52987 0.49341 0.59736 0.63227 0.59581 0.60667 0.62607 0.62296 0.55857 0.63382 0.67804 0.64313 0.71140 0.67106 0.55780 0.68735 0.52211 0.45694 0.38635 0.47168 0.51047 0.59581 0.43367 0.58262 0.66641 0.49806 0.61908 0.54461 0.52289 0.50504 0.56555 0.58650 0.56866 0.60124 0.68968 0.69744 0.71451 0.67261 0.48565 0.66098 0.69201 0.70597 0.68735 0.68503 0.67494 0.71761 0.68503 0.71296 0.70985 0.70442 0.69046 0.64081 0.68580
0.44453 0.89216 0.54383 1.00000 0.90535 0.88363 0.88518 0.91311 0.89837 0.89915 0.86967 0.91311 0.89682 0.90613 0.92164 0.91699 0.88285 0.91078 0.92164 0.90225 0.92552 0.91932 0.89992 0.91466 0.89294 0.91466 0.90303 0.91001 0.89449 0.82312 0.90535 0.89294 0.84251 0.90303 0.83165 0.89061 0.79286 0.78898 0.90535 0.84407 0.86501 0.47013 0.84329 0.89837 0.82933 0.89372 0.63693 0.88751 0.75562 0.85570 0.90225 0.84019 0.79286 0.85881 0.89915 0.86889 0.76726 0.80683 0.83708 0.77036 0.88518 0.79829 0.82002 0.80372 0.74631 0.41427 0.74942 0.84484 0.58960 0.71994 0.32894 0.39953 0.67960 0.41040 0.41583 0.43832 0.16835 0.09077 0.89604 0.91389 0.86501 0.86501 0.86656 0.87044 0.86113 0.88906 0.88751 0.82079 0.88208 0.87277 0.83398 0.87820 0.85958 0.88906 0.85027 0.85027 0.63382 0.75950 0.77269 0.65787 0.52599 0.76726 0.79054 0.74244 0.56012 0.55702 0.55004 0.42746 0.60667 0.46936 0.85337 0.86346 0.86113 0.84639 0.89449 0.89682 0.87044 0.87355 0.91078 0.89837 0.89760 0.89061 0.86346 0.85105 0.86501 0.87510 0.84019 0.80450 0.65710 0.90380 0.86113 0.79752 0.88518 0.74864 0.77657 0.85493 0.65322 0.77657 0.59271 0.44453 0.15438 0.08999 0.07680 0.88829 0.86579 0.87355 0.88829 0.87510 0.89837 0.87820 0.24360 0.87199 0.84174 0.84329 0.84639 0.82777 0.82545 0.89992 0.81303 0.66874 0.80838 0.60590 0.69511 0.25756 0.48177 0.29791 0.19628 0.12568 0.21722 0.25213 0.35531 0.16369 0.84174 0.34756 0.89449 0.82234 0.86967 0.90768 0.88984 0.85260 0.83863 0.84872 0.86268 0.66020 0.65322 0.61133 0.63227 0.18309 0.79674 0.75407 0.71528 0.76261 0.75562 0.76649 0.66718 0.65555 0.68658 0.62141 0.68425 0.59348 0.53763 0.57952
0.38945 0.92940 0.49108 0.90535 1.00000 0.92785 0.93406 0.90768 0.86191 0.93871 0.84484 0.90380 0.94259 0.93871 0.91932 0.90768 0.85415 0.92552 0.93716 0.89372 0.91854 0.91389 0.88984 0.89372 0.86268 0.93018 0.93638 0.92630 0.94026 0.77890 0.90070 0.86191 0.80062 0.87820 0.78666 0.89682 0.74631 0.74476 0.87355 0.80528 0.82467 0.42048 0.80372 0.87122 0.78355 0.87665 0.60047 0.85725 0.70597 0.81614 0.87742 0.79519 0.74244 0.82312 0.86889 0.83165 0.72149 0.76416 0.79519 0.71839 0.86656 0.75485 0.77424 0.76028 0.69666 0.35764 0.69977 0.80605 0.54383 0.67572 0.27230 0.34523 0.62995 0.35609 0.36928 0.38867 0.11249 0.03413 0.88208 0.91854 0.82545 0.82545 0.82700 0.83398 0.83165 0.86811 0.86346 0.78278 0.84872 0.83786 0.79364 0.86191 0.84019 0.86268 0.81303 0.82545 0.58185 0.70985 0.72537 0.60357 0.47324 0.71606 0.74631 0.69356 0.50659 0.50349 0.49573 0.37316 0.55314 0.41272 0.82389 0.83398 0.84794 0.81226 0.91544 0.88285 0.83941 0.84407 0.89604 0.90303 0.90458 0.86889 0.83476 0.81458 0.84329 0.84717 0.80062 0.75640 0.60279 0.90768 0.83010 0.75175 0.85725 0.70054 0.72770 0.82312 0.60124 0.72770 0.53918 0.39566 0.09775 0.03258 0.01939 0.86967 0.82234 0.84329 0.87122 0.85415 0.87122 0.87820 0.18929 0.83398 0.79984 0.80140 0.80683 0.78200 0.78588 0.87665 0.76726 0.61831 0.76106 0.55469 0.64779 0.20093 0.42669 0.24205 0.13964 0.06905 0.16059 0.19550 0.30411 0.10784 0.80605 0.29092 0.90225 0.77890 0.84872 0.90690 0.89915 0.82545 0.80062 0.81691 0.82157 0.60667 0.60279 0.55702 0.57952 0.12568 0.75640 0.71140 0.66874 0.71839 0.71063 0.72149 0.61443 0.60279 0.63382 0.56788 0.63382 0.53918 0.48332 0.52444
0.36928 0.91932 0.47168 0.88363 0.92785 1.00000 0.92475 0.88906 0.84096 0.92397 0.82545 0.88518 0.92552 0.92320 0.89449 0.88208 0.83863 0.90613 0.91621 0.87355 0.89294 0.89061 0.86656 0.87199 0.84639 0.90923 0.91466 0.90458 0.93173 0.75485 0.87510 0.84174 0.78045 0.85881 0.76726 0.87510 0.72537 0.72537 0.85415 0.78666 0.80450 0.40497 0.78200 0.84717 0.76261 0.85958 0.57797 0.83398 0.68735 0.79519 0.85337 0.77269 0.72227 0.79984 0.84639 0.81381 0.70054 0.74166 0.77735 0.69899 0.84950 0.73390 0.75252 0.73856 0.67417 0.33825 0.67882 0.78433 0.52599 0.65477 0.25291 0.32739 0.60978 0.33902 0.34756 0.37005 0.09465 0.01784 0.86268 0.89682 0.80838 0.80838 0.80683 0.81381 0.81458 0.85182 0.84096 0.76106 0.82777 0.81691 0.77269 0.84329 0.82002 0.84484 0.79286 0.80683 0.56323 0.69279 0.70520 0.58495 0.45539 0.69744 0.72692 0.67417 0.48953 0.48565 0.47711 0.35454 0.53607 0.39566 0.80605 0.81148 0.82777 0.79441 0.89992 0.86191 0.81769 0.82545 0.87587 0.88596 0.88441 0.84794 0.81614 0.79752 0.82234 0.82855 0.78278 0.73623 0.58417 0.88984 0.80993 0.73157 0.83786 0.68348 0.70675 0.80217 0.58185 0.70908 0.52056 0.37471 0.08068 0.01552 0.00233 0.84950 0.80062 0.82389 0.85260 0.83863 0.85105 0.85570 0.16912 0.81381 0.77657 0.78278 0.78355 0.76261 0.76493 0.85337 0.74709 0.59969 0.74088 0.53375 0.62762 0.18231 0.40652 0.22498 0.12180 0.05198 0.14352 0.17766 0.28317 0.08922 0.78743 0.26998 0.88984 0.75950 0.83320 0.88829 0.88130 0.80838 0.78433 0.80062 0.80217 0.58728 0.58262 0.53918 0.56168 0.10784 0.74244 0.69511 0.65244 0.70287 0.69201 0.70209 0.59736 0.58417 0.61598 0.55004 0.61598 0.52056 0.46625 0.50815
0.36773 0.92475 0.46780 0.88518 0.93406 0.92475 1.00000 0.89216 0.83941 0.93251 0.82777 0.88285 0.94026 0.93328 0.90147 0.88673 0.83398 0.91311 0.91932 0.87587 0.89915 0.89449 0.87355 0.87122 0.84174 0.91777 0.92785 0.91544 0.93794 0.75640 0.88441 0.84251 0.77967 0.85803 0.76649 0.88673 0.72459 0.72537 0.85337 0.78588 0.80605 0.40109 0.78355 0.85260 0.76261 0.86036 0.58417 0.84019 0.68503 0.79829 0.85725 0.77269 0.72149 0.80450 0.84717 0.81303 0.70054 0.74554 0.77424 0.69666 0.85105 0.73623 0.75330 0.74088 0.67572 0.33592 0.68037 0.78588 0.52366 0.65865 0.24903 0.32506 0.61210 0.33670 0.35221 0.36928 0.09232 0.01474 0.86734 0.90225 0.80450 0.80450 0.80605 0.81381 0.81303 0.85027 0.84484 0.76338 0.82777 0.81924 0.77424 0.84872 0.82157 0.84329 0.79441 0.80993 0.56245 0.68968 0.70675 0.58262 0.45306 0.69589 0.72770 0.67494 0.48720 0.48410 0.47556 0.35299 0.53452 0.39255 0.80760 0.81614 0.83243 0.79286 0.91311 0.86656 0.82157 0.82700 0.87510 0.89372 0.89372 0.85260 0.81924 0.79674 0.82933 0.82933 0.78278 0.73701 0.58185 0.89527 0.81226 0.73313 0.84096 0.68115 0.70830 0.80683 0.58107 0.70753 0.52056 0.37781 0.07758 0.01241 0.00000 0.85493 0.80140 0.82545 0.85415 0.83941 0.85027 0.86734 0.16912 0.81458 0.78045 0.78200 0.78743 0.76183 0.76649 0.85958 0.74864 0.59891 0.74088 0.53607 0.62995 0.17998 0.40574 0.22265 0.11947 0.04888 0.14042 0.17533 0.28549 0.08844 0.78898 0.26843 0.89294 0.76106 0.83320 0.89372 0.88829 0.80915 0.78433 0.80062 0.80372 0.58573 0.58262 0.53530 0.55935 0.10473 0.73701 0.69434 0.65244 0.69899 0.69356 0.70365 0.59426 0.58262 0.61365 0.54771 0.61443 0.51901 0.46393 0.50582
0.42979 0.89604 0.53452 0.91311 0.90768 0.88906 0.89216 1.00000 0.88829 0.90380 0.86579 0.91156 0.90303 0.91234 0.91932 0.91311 0.87742 0.91389 0.92087 0.90070 0.91932 0.91621 0.89604 0.90923 0.88751 0.91544 0.90380 0.91311 0.90147 0.81226 0.90303 0.88596 0.83398 0.89915 0.82312 0.88596 0.78355 0.78045 0.89760 0.83553 0.85337 0.46237 0.83553 0.89139 0.81924 0.88984 0.62684 0.88053 0.74631 0.84717 0.89449 0.82700 0.78200 0.85105 0.89294 0.86424 0.75795 0.79829 0.82855 0.76028 0.88285 0.78898 0.80760 0.79519 0.73235 0.40186 0.73933 0.83786 0.58185 0.70830 0.31730 0.39255 0.66641 0.40109 0.40419 0.42901 0.15826 0.08223 0.89449 0.91156 0.85803 0.85803 0.85803 0.86424 0.85803 0.88518 0.87975 0.81148 0.87510 0.86579 0.82622 0.87665 0.85027 0.88441 0.84484 0.84562 0.62529 0.75019 0.76416 0.64701 0.51668 0.75718 0.78278 0.73390 0.55159 0.54849 0.53995 0.41893 0.59659 0.45849 0.84639 0.85415 0.85570 0.84251 0.89682 0.89294 0.86268 0.86889 0.90535 0.89604 0.89372 0.88518 0.85881 0.84407 0.85803 0.87044 0.83320 0.79597 0.64624 0.90458 0.85260 0.78976 0.87975 0.74088 0.76726 0.84872 0.64313 0.76649 0.58262 0.43367 0.14507 0.07991 0.06749 0.88285 0.85648 0.86734 0.88596 0.87199 0.89372 0.87199 0.23274 0.86579 0.83165 0.83398 0.83631 0.82002 0.81769 0.89372 0.80372 0.66020 0.79984 0.59503 0.68735 0.24825 0.47091 0.28937 0.18619 0.11637 0.20869 0.24205 0.34290 0.15361 0.82545 0.32816 0.89604 0.81148 0.86811 0.90690 0.88751 0.84717 0.83165 0.84484 0.85337 0.64624 0.64236 0.60124 0.62296 0.17300 0.78976 0.74476 0.70597 0.75718 0.74787 0.75795 0.65787 0.64624 0.67649 0.61210 0.67494 0.58340 0.52909 0.56943
0.48099 0.84717 0.58495 0.89837 0.86191 0.84096 0.83941 0.88829 1.00000 0.86113 0.88906 0.90768 0.85337 0.87044 0.90535 0.91001 0.90535 0.87975 0.89139 0.89837 0.90768 0.91156 0.89682 0.92164 0.91311 0.88518 0.86346 0.88441 0.85415 0.87665 0.89837 0.92320 0.89294 0.91389 0.88441 0.86889 0.84562 0.84019 0.92940 0.89216 0.89992 0.52599 0.88751 0.91854 0.88285 0.90380 0.66641 0.91078 0.81614 0.90225 0.91777 0.88906 0.85182 0.89992 0.92940 0.91311 0.81924 0.85570 0.88984 0.83243 0.89992 0.85105 0.87277 0.85648 0.79519 0.47168 0.80528 0.89372 0.64081 0.76261 0.38945 0.45849 0.72847 0.47168 0.46005 0.49263 0.23041 0.15438 0.90070 0.89449 0.91078 0.91078 0.90923 0.91466 0.89527 0.90225 0.89915 0.86036 0.91466 0.90768 0.87742 0.88673 0.86501 0.91234 0.89604 0.87510 0.69279 0.81536 0.82700 0.71916 0.58728 0.82545 0.84174 0.79984 0.62141 0.62064 0.61210 0.49030 0.66486 0.53064 0.87665 0.88751 0.85570 0.88518 0.86191 0.90070 0.89216 0.90380 0.91001 0.87820 0.87199 0.89604 0.88984 0.89061 0.87975 0.90380 0.88596 0.86113 0.71994 0.88984 0.88751 0.85260 0.90690 0.80760 0.83398 0.88596 0.71140 0.83243 0.65244 0.49496 0.21800 0.15361 0.13964 0.89837 0.91544 0.90070 0.89682 0.89294 0.92242 0.86424 0.30489 0.91389 0.88906 0.89294 0.89449 0.88596 0.87044 0.91621 0.86656 0.72847 0.86734 0.66098 0.75019 0.31885 0.54383 0.36074 0.25989 0.18929 0.28006 0.31497 0.40807 0.22576 0.85105 0.38712 0.87820 0.86501 0.88829 0.89372 0.86811 0.87432 0.88208 0.88441 0.90147 0.71373 0.71218 0.67339 0.69356 0.24515 0.83320 0.79209 0.76106 0.80915 0.80295 0.81614 0.72459 0.71761 0.74631 0.68037 0.74166 0.65555 0.60047 0.63926
0.38324 0.92009 0.48410 0.89915 0.93871 0.92397 0.93251 0.90380 0.86113 1.00000 0.84562 0.89992 0.93716 0.93949 0.91854 0.90303 0.85648 0.92397 0.93406 0.89449 0.91311 0.91544 0.89216 0.88906 0.86346 0.93251 0.93095 0.92785 0.93716 0.77812 0.90303 0.86656 0.80372 0.87432 0.79054 0.89915 0.74787 0.74942 0.87587 0.81071 0.82933 0.42514 0.80683 0.87355 0.78588 0.88285 0.59969 0.86191 0.70985 0.82234 0.87898 0.79597 0.74476 0.82777 0.87044 0.83708 0.72459 0.76804 0.79752 0.71994 0.87277 0.76028 0.77735 0.76571 0.69589 0.35842 0.70442 0.80915 0.54538 0.67882 0.27308 0.34678 0.63305 0.36152 0.37238 0.39333 0.11792 0.03957 0.88751 0.91544 0.82933 0.82933 0.82855 0.83786 0.83863 0.87044 0.86424 0.78588 0.85105 0.84019 0.79441 0.87044 0.83631 0.86656 0.81846 0.83320 0.58650 0.71451 0.73080 0.60822 0.47867 0.72071 0.75175 0.69977 0.51280 0.50892 0.50116 0.37781 0.56012 0.41815 0.82622 0.83476 0.84174 0.81614 0.92087 0.88518 0.83941 0.84872 0.89372 0.90458 0.90147 0.86656 0.83863 0.81846 0.84872 0.85182 0.80528 0.76106 0.60745 0.91621 0.83243 0.75718 0.86191 0.70597 0.73235 0.83010 0.60590 0.73157 0.54461 0.39798 0.10240 0.03724 0.02483 0.87665 0.82545 0.84717 0.87510 0.86113 0.87277 0.88053 0.19317 0.83786 0.80450 0.80605 0.81148 0.78743 0.78976 0.88208 0.77269 0.62296 0.76649 0.55780 0.65244 0.20403 0.42979 0.24748 0.14430 0.07448 0.16602 0.20016 0.30877 0.11327 0.80605 0.28782 0.90846 0.78355 0.85415 0.91234 0.90147 0.83088 0.80760 0.82312 0.82700 0.61210 0.60822 0.56168 0.58417 0.12956 0.75718 0.71296 0.67261 0.72149 0.71528 0.72614 0.61908 0.60822 0.63770 0.57254 0.63926 0.54383 0.48953 0.53064
0.49884 0.84562 0.59736 0.86967 0.84484 0.82545 0.82777 0.86579 0.88906 0.84562 1.00000 0.89216 0.84639 0.85105 0.88053 0.89139 0.89216 0.86889 0.86346 0.89915 0.89061 0.89139 0.89915 0.89604 0.89992 0.87277 0.85881 0.87587 0.83165 0.86424 0.89527 0.89061 0.88673 0.88208 0.85803 0.87122 0.83088 0.82002 0.89139 0.85493 0.87742 0.51901 0.88673 0.90147 0.86811 0.86268 0.70597 0.90690 0.78433 0.87742 0.90303 0.86889 0.82002 0.89604 0.89837 0.87665 0.80683 0.85493 0.84407 0.80993 0.86268 0.83863 0.85881 0.84562 0.78821 0.47091 0.79519 0.87199 0.63770 0.75795 0.38557 0.46160 0.71839 0.45617 0.48720 0.48332 0.21722 0.13887 0.88208 0.87199 0.87898 0.87898 0.88673 0.89061 0.87199 0.87044 0.90613 0.86811 0.90303 0.89915 0.87510 0.87975 0.84872 0.87665 0.87742 0.85182 0.69201 0.79907 0.82622 0.70675 0.57176 0.80683 0.83088 0.78976 0.60279 0.60357 0.59659 0.47789 0.65865 0.52211 0.85803 0.87975 0.87044 0.84950 0.85337 0.88441 0.88596 0.86889 0.88363 0.87199 0.86424 0.89139 0.86501 0.84950 0.87742 0.86811 0.84872 0.84174 0.70054 0.86656 0.85725 0.83243 0.87820 0.77502 0.81226 0.86656 0.69977 0.80295 0.63693 0.50815 0.20248 0.13809 0.12723 0.87199 0.89449 0.86889 0.87277 0.85260 0.87587 0.86734 0.29635 0.88363 0.88441 0.85260 0.86656 0.85337 0.85260 0.88673 0.84329 0.70908 0.84639 0.66253 0.74166 0.31420 0.53607 0.34678 0.24593 0.17378 0.26610 0.30256 0.41893 0.21877 0.83631 0.40264 0.84407 0.84562 0.85182 0.86734 0.84562 0.84717 0.84717 0.84794 0.87587 0.70675 0.70830 0.66253 0.67494 0.23894 0.83941 0.81148 0.77192 0.81614 0.81458 0.81769 0.71916 0.70132 0.73856 0.67184 0.74088 0.64158 0.57642 0.62607
0.45151 0.89604 0.55392 0.91311 0.90380 0.88518 0.88285 0.91156 0.90768 0.89992 0.89216 1.00000 0.89915 0.90690 0.92552 0.92708 0.90147 0.91466 0.92164 0.93173 0.93173 0.93406 0.91621 0.93018 0.91311 0.91932 0.90613 0.92009 0.89139 0.83863 0.92009 0.90690 0.85958 0.91311 0.84329 0.89604 0.80915 0.80062 0.91621 0.85337 0.87432 0.48254 0.86113 0.91234 0.84407 0.89837 0.65089 0.90303 0.76571 0.86811 0.91699 0.85182 0.80217 0.87432 0.91466 0.88130 0.78278 0.82234 0.84639 0.78278 0.89294 0.81303 0.83398 0.81846 0.75330 0.42514 0.76106 0.86191 0.60202 0.72692 0.34057 0.41427 0.68503 0.41971 0.42901 0.44841 0.17843 0.09930 0.90690 0.91777 0.88130 0.88130 0.88285 0.88984 0.87665 0.89915 0.90613 0.83863 0.90380 0.89061 0.85260 0.89061 0.86346 0.90070 0.86811 0.85958 0.64856 0.77192 0.78821 0.66951 0.53607 0.77967 0.80528 0.75562 0.56943 0.56788 0.56012 0.43832 0.61831 0.48022 0.86268 0.87587 0.87432 0.85725 0.89604 0.90846 0.88285 0.88363 0.92164 0.90535 0.89837 0.90147 0.87199 0.85725 0.87665 0.88596 0.84794 0.81691 0.66718 0.90923 0.86656 0.80993 0.89294 0.75795 0.78666 0.86579 0.66408 0.78510 0.60124 0.45617 0.16369 0.09775 0.08534 0.89449 0.88053 0.88285 0.89915 0.87898 0.90690 0.88208 0.25369 0.88596 0.85725 0.84872 0.85725 0.84096 0.84019 0.90923 0.82389 0.67960 0.82234 0.61598 0.70520 0.26998 0.49263 0.30721 0.20559 0.13421 0.22653 0.26222 0.36618 0.17378 0.83786 0.35221 0.89449 0.83088 0.87665 0.91001 0.88906 0.86113 0.84639 0.85725 0.87122 0.66874 0.66718 0.62452 0.64236 0.19472 0.81458 0.77114 0.73002 0.78123 0.77269 0.78123 0.68037 0.66718 0.69977 0.63305 0.69822 0.60434 0.54616 0.58883
0.38712 0.93638 0.48720 0.89682 0.94259 0.92552 0.94026 0.90303 0.85337 0.93716 0.84639 0.89915 1.00000 0.93794 0.91389 0.90380 0.84872 0.92708 0.93018 0.89527 0.91544 0.91078 0.89139 0.88751 0.85725 0.93095 0.94259 0.92940 0.93638 0.77347 0.90147 0.85570 0.79597 0.87199 0.77967 0.90380 0.74166 0.73856 0.86656 0.79752 0.82002 0.41350 0.80062 0.86889 0.77812 0.86889 0.60512 0.85725 0.69744 0.81226 0.87510 0.78898 0.73390 0.82079 0.86268 0.82467 0.71683 0.76261 0.78510 0.71140 0.85958 0.75019 0.76959 0.75562 0.69123 0.35144 0.69511 0.80062 0.53763 0.67184 0.26455 0.34057 0.62529 0.34833 0.37083 0.38247 0.10473 0.02560 0.87975 0.91544 0.81846 0.81846 0.82079 0.82855 0.82545 0.86113 0.86346 0.78200 0.84484 0.83476 0.79054 0.86113 0.83708 0.85415 0.80838 0.82002 0.57719 0.70365 0.72149 0.59659 0.46548 0.70985 0.74166 0.68813 0.49884 0.49573 0.48798 0.36540 0.54771 0.40574 0.82002 0.83165 0.85182 0.80450 0.92164 0.88053 0.83786 0.83708 0.88829 0.90535 0.90690 0.86889 0.83088 0.80605 0.84407 0.84096 0.79286 0.75097 0.59503 0.90458 0.82389 0.74554 0.85182 0.69123 0.72149 0.81924 0.59503 0.71916 0.53220 0.39410 0.08922 0.02405 0.01164 0.86579 0.81691 0.83631 0.86656 0.84717 0.86113 0.88441 0.18231 0.82777 0.79674 0.79286 0.80062 0.77502 0.78123 0.87199 0.76183 0.61133 0.75485 0.55159 0.64313 0.19472 0.42048 0.23429 0.13189 0.06051 0.15283 0.18774 0.30256 0.10163 0.80217 0.28782 0.89527 0.77347 0.84096 0.90225 0.89682 0.82002 0.79364 0.80993 0.81614 0.60047 0.59736 0.55004 0.57176 0.11792 0.75097 0.71063 0.66718 0.71451 0.70908 0.71839 0.60822 0.59503 0.62839 0.56090 0.62917 0.53142 0.47401 0.51746
0.39178 0.92087 0.49341 0.90613 0.93871 0.92320 0.93328 0.91234 0.87044 0.93949 0.85105 0.90690 0.93794 1.00000 0.92630 0.91078 0.86036 0.92708 0.93949 0.89837 0.92242 0.92009 0.89527 0.89837 0.86967 0.93483 0.93251 0.93095 0.94182 0.78588 0.90613 0.87355 0.81071 0.88441 0.79907 0.89837 0.75562 0.75640 0.88441 0.81769 0.83553 0.43134 0.81303 0.88053 0.79364 0.88984 0.60357 0.86734 0.71839 0.82933 0.88441 0.80295 0.75407 0.83398 0.87820 0.84484 0.73080 0.77502 0.80683 0.72925 0.87975 0.76649 0.78433 0.77269 0.70520 0.36695 0.71218 0.81691 0.55237 0.68580 0.28161 0.35609 0.64236 0.37005 0.37704 0.39953 0.12645 0.04888 0.89294 0.92242 0.83708 0.83708 0.83553 0.84484 0.84251 0.87742 0.86811 0.78976 0.85725 0.84639 0.80217 0.87277 0.84096 0.87277 0.82545 0.83708 0.59426 0.72149 0.73778 0.61598 0.48642 0.72925 0.75873 0.70753 0.52056 0.51746 0.50892 0.38635 0.56711 0.42591 0.83320 0.84174 0.84562 0.82467 0.92164 0.89139 0.84717 0.85570 0.90070 0.90768 0.90613 0.87432 0.84717 0.82700 0.85260 0.85958 0.81458 0.76959 0.61521 0.91932 0.83941 0.76493 0.86967 0.71451 0.74088 0.83553 0.61365 0.74011 0.55314 0.40497 0.11171 0.04655 0.03413 0.88208 0.83320 0.85415 0.88053 0.86889 0.88130 0.88053 0.20171 0.84639 0.81071 0.81458 0.81846 0.79597 0.79597 0.88829 0.78123 0.63150 0.77424 0.56555 0.66098 0.21334 0.43832 0.25679 0.15283 0.08301 0.17455 0.20869 0.31420 0.12102 0.81071 0.29403 0.91389 0.79131 0.86113 0.91777 0.90535 0.83631 0.81536 0.83088 0.83476 0.61753 0.61365 0.56943 0.59271 0.13809 0.76338 0.71916 0.67882 0.72847 0.72149 0.73235 0.62607 0.61598 0.64624 0.58029 0.64546 0.55237 0.49806 0.53840
0.43289 0.90303 0.53530 0.92164 0.91932 0.89449 0.90147 0.91932 0.90535 0.91854 0.88053 0.92552 0.91389 0.92630 1.00000 0.93251 0.89216 0.92630 0.93716 0.91932 0.94104 0.94026 0.91699 0.92475 0.90070 0.93716 0.91932 0.93328 0.91078 0.82855 0.92552 0.90690 0.84872 0.91078 0.83708 0.90613 0.79674 0.79441 0.91699 0.85105 0.87122 0.47013 0.85260 0.91389 0.83476 0.90846 0.64081 0.90380 0.75950 0.86734 0.91544 0.84329 0.79519 0.87122 0.91234 0.87975 0.77192 0.81536 0.84174 0.77269 0.89992 0.80605 0.82467 0.81226 0.74864 0.41195 0.75485 0.85493 0.59116 0.72537 0.32661 0.40031 0.68348 0.41040 0.41815 0.43988 0.16835 0.08999 0.91311 0.92940 0.87277 0.87277 0.87355 0.88208 0.87277 0.89837 0.89915 0.82777 0.89294 0.88285 0.84096 0.89527 0.86113 0.89915 0.86191 0.86191 0.63693 0.76261 0.77967 0.65865 0.52754 0.77114 0.79829 0.74787 0.56168 0.55935 0.55159 0.42901 0.60822 0.46936 0.86113 0.87355 0.86889 0.85415 0.91466 0.91311 0.87975 0.88518 0.92087 0.91544 0.91389 0.90225 0.87587 0.85881 0.87975 0.88596 0.84794 0.81071 0.65787 0.92475 0.86967 0.80450 0.89760 0.75330 0.78278 0.86811 0.65555 0.77967 0.59503 0.44686 0.15438 0.08844 0.07680 0.90380 0.87432 0.88363 0.90070 0.88673 0.90923 0.89216 0.24438 0.88285 0.85182 0.84950 0.85570 0.83553 0.83320 0.91621 0.82079 0.67261 0.81536 0.60822 0.70132 0.25756 0.48332 0.29791 0.19628 0.12490 0.21722 0.25136 0.35687 0.16447 0.83863 0.33670 0.91001 0.82777 0.88130 0.92708 0.90458 0.86191 0.84562 0.85881 0.87122 0.65943 0.65555 0.61210 0.63382 0.18154 0.79907 0.75795 0.71916 0.76726 0.76183 0.77269 0.66796 0.65787 0.68891 0.62296 0.68813 0.59426 0.53918 0.58029
0.44996 0.89604 0.55159 0.91699 0.90768 0.88208 0.88673 0.91311 0.91001 0.90303 0.89139 0.92708 0.90380 0.91078 0.93251 1.00000 0.89527 0.91777 0.92630 0.92242 0.93794 0.93638 0.91932 0.93095 0.90690 0.92320 0.91078 0.92320 0.89449 0.84174 0.92708 0.91001 0.86113 0.91311 0.84484 0.90225 0.80915 0.80217 0.91854 0.85648 0.87665 0.48099 0.86346 0.91854 0.84562 0.90070 0.65322 0.90846 0.76571 0.87277 0.92320 0.85493 0.80450 0.87975 0.91854 0.88363 0.78278 0.82545 0.84562 0.78355 0.89449 0.81536 0.83631 0.82079 0.75795 0.42436 0.76261 0.86424 0.60202 0.73080 0.33980 0.41350 0.68891 0.42048 0.43057 0.44996 0.17921 0.10008 0.91156 0.92475 0.87975 0.87975 0.88130 0.88906 0.87665 0.89915 0.90613 0.83941 0.90070 0.88984 0.85260 0.89449 0.86889 0.90225 0.86811 0.86113 0.64856 0.77192 0.78898 0.66951 0.53685 0.77890 0.80528 0.75718 0.57021 0.56866 0.56090 0.43910 0.61831 0.47944 0.86579 0.88053 0.87432 0.86036 0.90070 0.91311 0.88751 0.88673 0.92164 0.90846 0.90613 0.90535 0.87742 0.85958 0.88130 0.88984 0.85260 0.82002 0.66874 0.91311 0.87199 0.81226 0.89760 0.75950 0.78976 0.86889 0.66486 0.78666 0.60357 0.45849 0.16369 0.09853 0.08611 0.89915 0.88285 0.88596 0.90225 0.88363 0.90923 0.88984 0.25524 0.88751 0.86036 0.85415 0.86268 0.84174 0.84251 0.91621 0.82700 0.68037 0.82467 0.61908 0.70985 0.26920 0.49418 0.30721 0.20636 0.13499 0.22731 0.26222 0.36773 0.17533 0.84251 0.35221 0.89760 0.83243 0.87742 0.91544 0.89449 0.86113 0.85027 0.86036 0.87355 0.66951 0.66796 0.62374 0.64313 0.19317 0.80838 0.76804 0.72847 0.77735 0.77192 0.78200 0.67960 0.66718 0.69977 0.63305 0.69822 0.60434 0.54694 0.58883
0.48798 0.85027 0.59193 0.88285 0.85415 0.83863 0.83398 0.87742 0.90535 0.85648 0.89216 0.90147 0.84872 0.86036 0.89216 0.89527 1.00000 0.87277 0.87510 0.89915 0.89449 0.89992 0.89139 0.90613 0.92708 0.87820 0.85958 0.88053 0.84174 0.86424 0.89216 0.90535 0.88363 0.90070 0.87199 0.86579 0.83941 0.83088 0.91156 0.87510 0.88751 0.52832 0.88906 0.90923 0.87510 0.88441 0.68115 0.90690 0.80372 0.88751 0.90613 0.87355 0.83786 0.89294 0.91234 0.89760 0.81458 0.85182 0.87044 0.82389 0.88053 0.84407 0.86191 0.84950 0.79286 0.47324 0.80140 0.87975 0.64313 0.76028 0.38945 0.46315 0.72614 0.46548 0.47168 0.49108 0.22576 0.14818 0.88906 0.87898 0.89915 0.89915 0.89915 0.90147 0.89372 0.88751 0.89760 0.85958 0.90846 0.90147 0.87587 0.88285 0.85493 0.89915 0.88751 0.86656 0.69511 0.81226 0.83010 0.71606 0.58107 0.82079 0.84096 0.79674 0.61443 0.61365 0.60512 0.48487 0.66486 0.53064 0.86734 0.87975 0.86036 0.86734 0.85725 0.89061 0.88441 0.88906 0.89449 0.87587 0.86889 0.89527 0.87665 0.87277 0.87587 0.88363 0.86889 0.85337 0.71218 0.87587 0.87044 0.84484 0.88984 0.79441 0.82467 0.87587 0.70675 0.82079 0.64624 0.50039 0.21257 0.14740 0.13499 0.88208 0.90225 0.88596 0.88518 0.87044 0.89682 0.85958 0.30023 0.89992 0.88441 0.87122 0.87742 0.87044 0.86268 0.89682 0.85725 0.72149 0.85725 0.66098 0.74631 0.31885 0.54073 0.35531 0.25446 0.18386 0.27541 0.31032 0.41195 0.22188 0.84251 0.39100 0.85958 0.85803 0.87199 0.88053 0.85415 0.86424 0.86501 0.86656 0.89216 0.70985 0.71140 0.67184 0.68580 0.24438 0.85958 0.81691 0.78355 0.83320 0.81924 0.82855 0.73157 0.71296 0.75019 0.68425 0.74942 0.65167 0.59271 0.63926
0.41660 0.91544 0.51746 0.91078 0.92552 0.90613 0.91311 0.91389 0.87975 0.92397 0.86889 0.91466 0.92708 0.92708 0.92630 0.91777 0.87277 1.00000 0.93251 0.91001 0.92940 0.92630 0.90768 0.90768 0.88130 0.93328 0.92940 0.93095 0.91699 0.80450 0.91621 0.88285 0.82622 0.89216 0.80993 0.90923 0.77347 0.76881 0.89216 0.82545 0.84717 0.44686 0.83010 0.89294 0.80993 0.88984 0.63150 0.88285 0.73002 0.84174 0.89837 0.82002 0.76649 0.84872 0.88829 0.85260 0.74787 0.79209 0.81458 0.74476 0.87975 0.78200 0.80140 0.78743 0.72227 0.38945 0.72770 0.83010 0.56788 0.70132 0.30256 0.37471 0.65632 0.38324 0.40186 0.41583 0.14119 0.06206 0.89682 0.92087 0.84717 0.84717 0.84950 0.85725 0.85105 0.88130 0.88518 0.80993 0.87122 0.86268 0.81846 0.87898 0.85182 0.87742 0.83708 0.84329 0.61133 0.73623 0.75407 0.63227 0.50039 0.74321 0.77347 0.72149 0.53375 0.53142 0.52366 0.40109 0.58185 0.44220 0.84174 0.85493 0.86346 0.83010 0.91544 0.89682 0.86191 0.86113 0.90690 0.91078 0.90846 0.88673 0.85337 0.83243 0.86501 0.86346 0.82079 0.78278 0.63072 0.91234 0.84794 0.77735 0.87432 0.72382 0.75407 0.84484 0.62839 0.75175 0.56711 0.42591 0.12568 0.06051 0.04810 0.88596 0.84794 0.86036 0.88441 0.86579 0.88441 0.89216 0.21800 0.85570 0.82700 0.82079 0.83010 0.80683 0.80993 0.89449 0.79286 0.64469 0.78743 0.58417 0.67494 0.23041 0.45617 0.26998 0.16757 0.09697 0.18929 0.22420 0.33592 0.13732 0.82312 0.31885 0.90070 0.80295 0.86036 0.91234 0.89837 0.84251 0.82079 0.83398 0.84484 0.63460 0.63150 0.58495 0.60590 0.15516 0.77967 0.73933 0.69744 0.74476 0.74088 0.74942 0.64313 0.62995 0.66253 0.59581 0.66330 0.56711 0.50892 0.55237
0.40962 0.91699 0.51202 0.92164 0.93716 0.91621 0.91932 0.92087 0.89139 0.93406 0.86346 0.92164 0.93018 0.93949 0.93716 0.92630 0.87510 0.93251 1.00000 0.91078 0.93561 0.93638 0.90458 0.91621 0.88441 0.93871 0.92863 0.93483 0.93561 0.80528 0.91466 0.89139 0.82855 0.90225 0.81614 0.90380 0.77424 0.77347 0.90458 0.83708 0.85337 0.44919 0.82933 0.89604 0.81226 0.90225 0.61521 0.88053 0.73701 0.84562 0.90303 0.82389 0.77347 0.84872 0.89604 0.86191 0.74864 0.78976 0.82545 0.74942 0.89294 0.78278 0.80372 0.78898 0.72304 0.38635 0.72847 0.83398 0.56866 0.69977 0.30178 0.37316 0.65787 0.38790 0.39100 0.41738 0.14507 0.06749 0.90380 0.93251 0.85570 0.85570 0.85415 0.86191 0.85803 0.89216 0.88130 0.80683 0.87355 0.86346 0.81924 0.88130 0.85570 0.89139 0.84096 0.84794 0.61133 0.74011 0.75330 0.63460 0.50427 0.74631 0.77269 0.72382 0.53840 0.53530 0.52754 0.40419 0.58417 0.44375 0.84717 0.85570 0.85493 0.84096 0.91777 0.90225 0.86268 0.87122 0.91932 0.91466 0.91078 0.88673 0.85803 0.84484 0.86424 0.87510 0.83088 0.78588 0.63538 0.92475 0.85570 0.78045 0.88285 0.73313 0.75718 0.84794 0.63150 0.75950 0.57021 0.41971 0.12956 0.06517 0.05198 0.89372 0.85105 0.86967 0.89294 0.88053 0.89915 0.88673 0.22033 0.86268 0.82700 0.83320 0.83553 0.81303 0.81226 0.90303 0.79674 0.64779 0.79131 0.58185 0.67572 0.23119 0.45694 0.27386 0.17223 0.10163 0.19317 0.22731 0.33049 0.13887 0.82545 0.31342 0.91932 0.80683 0.87432 0.92475 0.90846 0.84872 0.83088 0.84562 0.85027 0.63693 0.63150 0.58805 0.61133 0.15671 0.77735 0.73235 0.69201 0.74166 0.73468 0.74709 0.64313 0.63382 0.66408 0.59736 0.66253 0.57021 0.51590 0.55547
0.45694 0.88984 0.55702 0.90225 0.89372 0.87355 0.87587 0.90070 0.89837 0.89449 0.89915 0.93173 0.89527 0.89837 0.91932 0.92242 0.89915 0.91001 0.91078 1.00000 0.92630 0.93251 0.92863 0.92087 0.90923 0.91621 0.90613 0.92009 0.87975 0.84484 0.93018 0.90768 0.86501 0.90535 0.84329 0.90768 0.81458 0.80372 0.91078 0.85493 0.88053 0.48565 0.86967 0.91932 0.84794 0.89061 0.66796 0.91466 0.76571 0.87277 0.92397 0.85415 0.80217 0.88596 0.91156 0.87975 0.79054 0.83553 0.84174 0.78433 0.88829 0.82312 0.84174 0.82855 0.76028 0.42979 0.76881 0.86656 0.60590 0.73390 0.34445 0.41971 0.69123 0.42203 0.44608 0.45617 0.18386 0.10163 0.90768 0.91078 0.87742 0.87742 0.88285 0.89216 0.87742 0.89061 0.91466 0.85105 0.90846 0.89527 0.85725 0.89760 0.86424 0.89604 0.87355 0.86268 0.65632 0.77424 0.79674 0.67339 0.53918 0.78200 0.81148 0.76261 0.57099 0.57099 0.56400 0.44375 0.62452 0.48410 0.86268 0.88130 0.87975 0.85182 0.89682 0.90923 0.88751 0.88053 0.91311 0.90458 0.89915 0.90303 0.87199 0.85337 0.88673 0.88285 0.84639 0.82002 0.67029 0.90690 0.86579 0.81381 0.89216 0.75640 0.79131 0.87199 0.67106 0.78433 0.60512 0.46780 0.16602 0.10085 0.08922 0.89837 0.88208 0.88130 0.89682 0.87277 0.89760 0.89760 0.26144 0.88441 0.86811 0.84562 0.86501 0.84174 0.84562 0.91311 0.82777 0.68192 0.82622 0.62607 0.71218 0.27463 0.49884 0.31032 0.20946 0.13732 0.22964 0.26532 0.38092 0.18076 0.83941 0.36152 0.88441 0.83553 0.87122 0.90458 0.88751 0.85958 0.84562 0.85415 0.87355 0.67727 0.67572 0.62839 0.64469 0.19860 0.81691 0.77735 0.73623 0.78510 0.78200 0.78898 0.68503 0.66951 0.70365 0.63693 0.70520 0.60822 0.54771 0.59193
0.44453 0.90690 0.54538 0.92552 0.91854 0.89294 0.89915 0.91932 0.90768 0.91311 0.89061 0.93173 0.91544 0.92242 0.94104 0.93794 0.89449 0.92940 0.93561 0.92630 1.00000 0.94337 0.92552 0.93251 0.90535 0.93561 0.92475 0.93328 0.90613 0.83553 0.93173 0.90768 0.85493 0.91389 0.83863 0.91156 0.80217 0.79519 0.91854 0.85027 0.87355 0.47246 0.85881 0.91932 0.83941 0.90380 0.65167 0.91001 0.75950 0.86811 0.92320 0.85027 0.79674 0.87510 0.91389 0.87742 0.77580 0.82079 0.84096 0.77580 0.89527 0.80915 0.83088 0.81458 0.75252 0.41660 0.75718 0.85803 0.59348 0.72692 0.33126 0.40419 0.68503 0.41040 0.42669 0.44143 0.16912 0.08922 0.91311 0.93095 0.87277 0.87277 0.87820 0.88441 0.87122 0.89837 0.90846 0.83631 0.89837 0.88906 0.84717 0.89449 0.86811 0.89837 0.86346 0.86036 0.64081 0.76416 0.78278 0.66175 0.52754 0.77269 0.79984 0.75019 0.56090 0.55935 0.55237 0.42979 0.61055 0.47091 0.86268 0.87898 0.87975 0.85337 0.91234 0.91389 0.88518 0.88285 0.92475 0.91777 0.91621 0.91001 0.87510 0.85570 0.88285 0.88518 0.84562 0.81226 0.65943 0.91854 0.86967 0.80450 0.89604 0.75019 0.78355 0.86656 0.65710 0.77890 0.59503 0.45229 0.15438 0.08922 0.07680 0.90147 0.87820 0.88208 0.90070 0.88130 0.90613 0.89760 0.24670 0.88363 0.85725 0.84717 0.85648 0.83476 0.83553 0.91544 0.82079 0.67261 0.81691 0.61288 0.70209 0.25989 0.48565 0.29791 0.19628 0.12490 0.21722 0.25291 0.36152 0.16602 0.84251 0.34756 0.90303 0.82933 0.87665 0.92164 0.90225 0.86113 0.84484 0.85493 0.87122 0.66330 0.66020 0.61443 0.63382 0.18386 0.80372 0.76493 0.72459 0.77114 0.76726 0.77657 0.67184 0.65865 0.69201 0.62452 0.69123 0.59581 0.53763 0.58029
0.43910 0.89760 0.54073 0.91932 0.91389 0.89061 0.89449 0.91621 0.91156 0.91544 0.89139 0.93406 0.91078 0.92009 0.94026 0.93638 0.89992 0.92630 0.93638 0.93251 0.94337 1.00000 0.93018 0.93328 0.90846 0.93716 0.92009 0.93638 0.90380 0.84019 0.93638 0.92009 0.86268 0.91544 0.84562 0.91001 0.80760 0.80372 0.92475 0.86268 0.88130 0.47944 0.86424 0.92552 0.84562 0.91389 0.64701 0.91389 0.76726 0.87820 0.92863 0.85493 0.80372 0.88441 0.92320 0.88829 0.78200 0.82700 0.85105 0.78200 0.90690 0.82002 0.83863 0.82467 0.75175 0.41971 0.76338 0.86889 0.59969 0.72925 0.33514 0.40884 0.68735 0.41893 0.42746 0.44996 0.17843 0.09853 0.92242 0.93018 0.88285 0.88285 0.88363 0.89527 0.88363 0.90690 0.90923 0.84096 0.90613 0.89527 0.85182 0.90458 0.86734 0.90768 0.87432 0.87277 0.64779 0.77114 0.79054 0.66951 0.53685 0.77967 0.80760 0.75873 0.57021 0.56866 0.56090 0.43910 0.61831 0.47867 0.86579 0.88208 0.87044 0.86191 0.91156 0.91854 0.88596 0.89216 0.92708 0.91311 0.90690 0.90303 0.88130 0.86424 0.88984 0.89604 0.85415 0.81924 0.66796 0.92863 0.87587 0.81458 0.90380 0.76106 0.79131 0.87587 0.66563 0.78666 0.60279 0.45384 0.16292 0.09775 0.08456 0.91234 0.88441 0.89061 0.90846 0.89372 0.91544 0.89760 0.25524 0.89139 0.86268 0.85648 0.86656 0.84562 0.84407 0.92630 0.82933 0.68115 0.82700 0.61753 0.70985 0.26610 0.49185 0.30644 0.20481 0.13421 0.22576 0.26067 0.36618 0.17378 0.84174 0.34523 0.91001 0.83631 0.88751 0.92552 0.90613 0.86889 0.85493 0.86579 0.87820 0.67106 0.66951 0.62219 0.64313 0.19085 0.80605 0.76416 0.72614 0.77502 0.77192 0.78200 0.67804 0.66718 0.69822 0.63150 0.69822 0.60357 0.54694 0.58805
0.45849 0.88130 0.55625 0.89992 0.88984 0.86656 0.87355 0.89604 0.89682 0.89216 0.89915 0.91621 0.89139 0.89527 0.91699 0.91932 0.89139 0.90768 0.90458 0.92863 0.92552 0.93018 1.00000 0.91777 0.90070 0.91621 0.90535 0.91777 0.87587 0.84794 0.93638 0.90458 0.86501 0.89837 0.84329 0.90846 0.81381 0.80295 0.90535 0.85260 0.87898 0.48487 0.87277 0.92242 0.84794 0.88984 0.67572 0.91932 0.76649 0.87587 0.92242 0.85493 0.80140 0.89061 0.90923 0.87587 0.79054 0.83941 0.84019 0.78278 0.88596 0.82622 0.84329 0.83165 0.76183 0.43134 0.77036 0.86811 0.60667 0.74011 0.34523 0.42048 0.69511 0.42281 0.45229 0.45694 0.18464 0.10240 0.90768 0.90846 0.87199 0.87199 0.87898 0.89216 0.87510 0.88518 0.91544 0.85415 0.90535 0.89527 0.85570 0.90070 0.86346 0.88984 0.87355 0.86734 0.65787 0.77269 0.79984 0.67417 0.54073 0.78355 0.81458 0.76416 0.57176 0.57331 0.56555 0.44608 0.62529 0.48565 0.86036 0.88285 0.87898 0.84794 0.89604 0.90768 0.88596 0.87742 0.90613 0.89915 0.89682 0.90070 0.87432 0.85027 0.88829 0.87975 0.84484 0.82079 0.67029 0.90458 0.86579 0.81536 0.89216 0.75485 0.79441 0.87432 0.67184 0.78355 0.60667 0.47246 0.16757 0.10163 0.09077 0.89992 0.88285 0.87742 0.89216 0.87044 0.89372 0.90147 0.26377 0.88285 0.87277 0.84329 0.86656 0.84174 0.84562 0.91234 0.83010 0.68503 0.82777 0.63072 0.71683 0.27541 0.50116 0.31109 0.21024 0.13809 0.23041 0.26610 0.38557 0.18309 0.84096 0.36462 0.88130 0.83631 0.86734 0.90225 0.88829 0.85958 0.84562 0.85105 0.87277 0.67960 0.67882 0.62839 0.64546 0.19860 0.81071 0.77812 0.73778 0.78278 0.78433 0.79131 0.68503 0.67029 0.70442 0.63848 0.70753 0.60900 0.54771 0.59348
0.46393 0.88285 0.56788 0.91466 0.89372 0.87199 0.87122 0.90923 0.92164 0.88906 0.89604 0.93018 0.88751 0.89837 0.92475 0.93095 0.90613 0.90768 0.91621 0.92087 0.93251 0.93328 0.91777 1.00000 0.91777 0.91311 0.89682 0.91156 0.88130 0.85493 0.91932 0.91699 0.87355 0.92087 0.85725 0.89061 0.82312 0.81381 0.92552 0.86656 0.88363 0.49573 0.87355 0.92087 0.85958 0.90380 0.65943 0.91078 0.78200 0.88130 0.92552 0.86656 0.81924 0.88673 0.92630 0.89294 0.79597 0.83631 0.86113 0.79984 0.89837 0.82700 0.84872 0.83165 0.76881 0.44143 0.77580 0.87587 0.61521 0.73933 0.35687 0.42979 0.69977 0.43522 0.44065 0.46237 0.19472 0.11637 0.91001 0.91621 0.89139 0.89139 0.89449 0.90070 0.88363 0.90303 0.90923 0.84872 0.91078 0.89992 0.86346 0.89216 0.87044 0.90690 0.87820 0.86656 0.66330 0.78588 0.80140 0.68580 0.55159 0.79364 0.81769 0.77036 0.58573 0.58417 0.57642 0.45462 0.63305 0.49573 0.87044 0.88441 0.87199 0.86811 0.88751 0.91078 0.89061 0.89294 0.92320 0.89760 0.89294 0.90535 0.88208 0.86889 0.88053 0.89449 0.86113 0.83165 0.68425 0.90535 0.87665 0.82467 0.90070 0.77347 0.80217 0.87355 0.67960 0.79984 0.61753 0.46936 0.17998 0.11559 0.10240 0.89837 0.89527 0.89139 0.90147 0.88596 0.91621 0.87975 0.27075 0.89682 0.86967 0.86424 0.87044 0.85570 0.85260 0.91466 0.83708 0.69589 0.83786 0.63227 0.72149 0.28549 0.50970 0.32351 0.22265 0.15128 0.24360 0.27851 0.38014 0.19007 0.84562 0.36540 0.89061 0.84251 0.88285 0.90690 0.88518 0.86811 0.86036 0.86734 0.88208 0.68348 0.68270 0.64003 0.65865 0.21024 0.82157 0.77967 0.74088 0.79209 0.78433 0.79364 0.69511 0.68270 0.71528 0.64856 0.71296 0.61986 0.56245 0.60434
